name,startdate,enddate,location
0,0,1,-1
1,1,2,-1
2,2,3,-1
3,3,4,-1
4,4,5,-1
5,5,6,-1
6,6,7,-1
7,7,8,-1
8,8,9,-1
9,9,10,-1
10,10,11,-1
11,11,12,-1
12,12,13,-1
13,13,14,-1
14,14,15,-1
15,15,16,-1
16,16,17,-1
17,17,18,-1
18,18,19,-1
19,19,20,-1
20,20,21,-1
21,21,22,-1
22,22,23,-1
23,23,24,-1
24,24,25,-1
25,25,26,-1
26,26,27,-1
27,27,28,-1
28,28,29,-1
29,29,30,-1
30,30,31,-1
31,31,32,-1
32,32,33,-1
33,33,34,-1
34,34,35,-1
35,35,36,-1
36,36,37,-1
37,37,38,-1
38,38,39,-1
39,39,40,-1
40,40,41,-1
41,41,42,-1
42,42,43,-1
43,43,44,-1
44,44,45,-1
45,45,46,-1
46,46,47,-1
47,47,48,-1
48,48,49,-1
49,49,50,-1
50,50,51,-1
51,51,52,-1
52,52,53,-1
53,53,54,-1
54,54,55,-1
55,55,56,-1
56,56,57,-1
57,57,58,-1
58,58,59,-1
59,59,60,-1
60,60,61,-1
61,61,62,-1
62,62,63,-1
63,63,64,-1
64,64,65,-1
65,65,66,-1
66,66,67,-1
67,67,68,-1
68,68,69,-1
69,69,70,-1
70,70,71,-1
71,71,72,-1
72,72,73,-1
73,73,74,-1
74,74,75,-1
75,75,76,-1
76,76,77,-1
77,77,78,-1
78,78,79,-1
79,79,80,-1
80,80,81,-1
81,81,82,-1
82,82,83,-1
83,83,84,-1
84,84,85,-1
85,85,86,-1
86,86,87,-1
87,87,88,-1
88,88,89,-1
89,89,90,-1
90,90,91,-1
91,91,92,-1
92,92,93,-1
93,93,94,-1
94,94,95,-1
95,95,96,-1
96,96,97,-1
97,97,98,-1
98,98,99,-1
99,99,100,-1
100,100,101,-1
101,101,102,-1
102,102,103,-1
103,103,104,-1
104,104,105,-1
105,105,106,-1
106,106,107,-1
107,107,108,-1
108,108,109,-1
109,109,110,-1
110,110,111,-1
111,111,112,-1
112,112,113,-1
113,113,114,-1
114,114,115,-1
115,115,116,-1
116,116,117,-1
117,117,118,-1
118,118,119,-1
119,119,120,-1
120,120,121,-1
121,121,122,-1
122,122,123,-1
123,123,124,-1
124,124,125,-1
125,125,126,-1
126,126,127,-1
127,127,128,-1
128,128,129,-1
129,129,130,-1
130,130,131,-1
131,131,132,-1
132,132,133,-1
133,133,134,-1
134,134,135,-1
135,135,136,-1
136,136,137,-1
137,137,138,-1
138,138,139,-1
139,139,140,-1
140,140,141,-1
141,141,142,-1
142,142,143,-1
143,143,144,-1
144,144,145,-1
145,145,146,-1
146,146,147,-1
147,147,148,-1
148,148,149,-1
149,149,150,-1
150,150,151,-1
151,151,152,-1
152,152,153,-1
153,153,154,-1
154,154,155,-1
155,155,156,-1
156,156,157,-1
157,157,158,-1
158,158,159,-1
159,159,160,-1
160,160,161,-1
161,161,162,-1
162,162,163,-1
163,163,164,-1
164,164,165,-1
165,165,166,-1
166,166,167,-1
167,167,168,-1
168,168,169,-1
169,169,170,-1
170,170,171,-1
171,171,172,-1
172,172,173,-1
173,173,174,-1
174,174,175,-1
175,175,176,-1
176,176,177,-1
177,177,178,-1
178,178,179,-1
179,179,180,-1
180,180,181,-1
181,181,182,-1
182,182,183,-1
183,183,184,-1
184,184,185,-1
185,185,186,-1
186,186,187,-1
187,187,188,-1
188,188,189,-1
189,189,190,-1
190,190,191,-1
191,191,192,-1
192,192,193,-1
193,193,194,-1
194,194,195,-1
195,195,196,-1
196,196,197,-1
197,197,198,-1
198,198,199,-1
199,199,200,-1
200,200,201,-1
201,201,202,-1
202,202,203,-1
203,203,204,-1
204,204,205,-1
205,205,206,-1
206,206,207,-1
207,207,208,-1
208,208,209,-1
209,209,210,-1
210,210,211,-1
211,211,212,-1
212,212,213,-1
213,213,214,-1
214,214,215,-1
215,215,216,-1
216,216,217,-1
217,217,218,-1
218,218,219,-1
219,219,220,-1
220,220,221,-1
221,221,222,-1
222,222,223,-1
223,223,224,-1
224,224,225,-1
225,225,226,-1
226,226,227,-1
227,227,228,-1
228,228,229,-1
229,229,230,-1
230,230,231,-1
231,231,232,-1
232,232,233,-1
233,233,234,-1
234,234,235,-1
235,235,236,-1
236,236,237,-1
237,237,238,-1
238,238,239,-1
239,239,240,-1
240,240,241,-1
241,241,242,-1
242,242,243,-1
243,243,244,-1
244,244,245,-1
245,245,246,-1
246,246,247,-1
247,247,248,-1
248,248,249,-1
249,249,250,-1
250,250,251,-1
251,251,252,-1
252,252,253,-1
253,253,254,-1
254,254,255,-1
255,255,256,-1
256,256,257,-1
257,257,258,-1
258,258,259,-1
259,259,260,-1
260,260,261,-1
261,261,262,-1
262,262,263,-1
263,263,264,-1
264,264,265,-1
265,265,266,-1
266,266,267,-1
267,267,268,-1
268,268,269,-1
269,269,270,-1
270,270,271,-1
271,271,272,-1
272,272,273,-1
273,273,274,-1
274,274,275,-1
275,275,276,-1
276,276,277,-1
277,277,278,-1
278,278,279,-1
279,279,280,-1
280,280,281,-1
281,281,282,-1
282,282,283,-1
283,283,284,-1
284,284,285,-1
285,285,286,-1
286,286,287,-1
287,287,288,-1
288,288,289,-1
289,289,290,-1
290,290,291,-1
291,291,292,-1
292,292,293,-1
293,293,294,-1
294,294,295,-1
295,295,296,-1
296,296,297,-1
297,297,298,-1
298,298,299,-1
299,299,300,-1
300,300,301,-1
301,301,302,-1
302,302,303,-1
303,303,304,-1
304,304,305,-1
305,305,306,-1
306,306,307,-1
307,307,308,-1
308,308,309,-1
309,309,310,-1
310,310,311,-1
311,311,312,-1
312,312,313,-1
313,313,314,-1
314,314,315,-1
315,315,316,-1
316,316,317,-1
317,317,318,-1
318,318,319,-1
319,319,320,-1
320,320,321,-1
321,321,322,-1
322,322,323,-1
323,323,324,-1
324,324,325,-1
325,325,326,-1
326,326,327,-1
327,327,328,-1
328,328,329,-1
329,329,330,-1
330,330,331,-1
331,331,332,-1
332,332,333,-1
333,333,334,-1
334,334,335,-1
335,335,336,-1
336,336,337,-1
337,337,338,-1
338,338,339,-1
339,339,340,-1
340,340,341,-1
341,341,342,-1
342,342,343,-1
343,343,344,-1
344,344,345,-1
345,345,346,-1
346,346,347,-1
347,347,348,-1
348,348,349,-1
349,349,350,-1
350,350,351,-1
351,351,352,-1
352,352,353,-1
353,353,354,-1
354,354,355,-1
355,355,356,-1
356,356,357,-1
357,357,358,-1
358,358,359,-1
359,359,360,-1
360,360,361,-1
361,361,362,-1
362,362,363,-1
363,363,364,-1
364,364,365,-1
365,365,366,-1
366,366,367,-1
367,367,368,-1
368,368,369,-1
369,369,370,-1
370,370,371,-1
371,371,372,-1
372,372,373,-1
373,373,374,-1
374,374,375,-1
375,375,376,-1
376,376,377,-1
377,377,378,-1
378,378,379,-1
379,379,380,-1
380,380,381,-1
381,381,382,-1
382,382,383,-1
383,383,384,-1
384,384,385,-1
385,385,386,-1
386,386,387,-1
387,387,388,-1
388,388,389,-1
389,389,390,-1
390,390,391,-1
391,391,392,-1
392,392,393,-1
393,393,394,-1
394,394,395,-1
395,395,396,-1
396,396,397,-1
397,397,398,-1
398,398,399,-1
399,399,400,-1
400,400,401,-1
401,401,402,-1
402,402,403,-1
403,403,404,-1
404,404,405,-1
405,405,406,-1
406,406,407,-1
407,407,408,-1
408,408,409,-1
409,409,410,-1
410,410,411,-1
411,411,412,-1
412,412,413,-1
413,413,414,-1
414,414,415,-1
415,415,416,-1
416,416,417,-1
417,417,418,-1
418,418,419,-1
419,419,420,-1
420,420,421,-1
421,421,422,-1
422,422,423,-1
423,423,424,-1
424,424,425,-1
425,425,426,-1
426,426,427,-1
427,427,428,-1
428,428,429,-1
429,429,430,-1
430,430,431,-1
431,431,432,-1
432,432,433,-1
433,433,434,-1
434,434,435,-1
435,435,436,-1
436,436,437,-1
437,437,438,-1
438,438,439,-1
439,439,440,-1
440,440,441,-1
441,441,442,-1
442,442,443,-1
443,443,444,-1
444,444,445,-1
445,445,446,-1
446,446,447,-1
447,447,448,-1
448,448,449,-1
449,449,450,-1
450,450,451,-1
451,451,452,-1
452,452,453,-1
453,453,454,-1
454,454,455,-1
455,455,456,-1
456,456,457,-1
457,457,458,-1
458,458,459,-1
459,459,460,-1
460,460,461,-1
461,461,462,-1
462,462,463,-1
463,463,464,-1
464,464,465,-1
465,465,466,-1
466,466,467,-1
467,467,468,-1
468,468,469,-1
469,469,470,-1
470,470,471,-1
471,471,472,-1
472,472,473,-1
473,473,474,-1
474,474,475,-1
475,475,476,-1
476,476,477,-1
477,477,478,-1
478,478,479,-1
479,479,480,-1
480,480,481,-1
481,481,482,-1
482,482,483,-1
483,483,484,-1
484,484,485,-1
485,485,486,-1
486,486,487,-1
487,487,488,-1
488,488,489,-1
489,489,490,-1
490,490,491,-1
491,491,492,-1
492,492,493,-1
493,493,494,-1
494,494,495,-1
495,495,496,-1
496,496,497,-1
497,497,498,-1
498,498,499,-1
499,499,500,-1
500,500,501,-1
501,501,502,-1
502,502,503,-1
503,503,504,-1
504,504,505,-1
505,505,506,-1
506,506,507,-1
507,507,508,-1
508,508,509,-1
509,509,510,-1
510,510,511,-1
511,511,512,-1
512,512,513,-1
513,513,514,-1
514,514,515,-1
515,515,515,-1
516,516,516,-1
517,517,517,-1
518,518,518,-1
519,519,519,-1
520,520,520,-1
521,521,521,-1
522,522,522,-1
523,523,523,-1
524,524,524,-1
525,525,525,-1
526,526,526,-1
527,527,527,-1
528,528,528,-1
529,529,529,-1
530,530,530,-1
531,531,531,-1
532,532,532,-1
533,533,533,-1
534,534,534,-1
535,535,535,-1
536,536,536,-1
537,537,537,-1
538,538,538,-1
539,539,539,-1
540,540,540,-1
541,541,541,-1
542,542,542,-1
543,543,543,-1
544,544,544,-1
545,545,545,-1
546,546,546,-1
547,547,547,-1
548,548,548,-1
549,549,549,-1
550,550,550,-1
551,551,551,-1
552,552,552,-1
553,553,553,-1
554,554,554,-1
555,555,555,-1
556,556,556,-1
557,557,557,-1
558,558,558,-1
559,559,559,-1
560,560,560,-1
561,561,561,-1
562,562,562,-1
563,563,563,-1
564,564,564,-1
565,565,565,-1
566,566,566,-1
567,567,567,-1
568,568,568,-1
569,569,569,-1
570,570,570,-1
571,571,571,-1
572,572,572,-1
573,573,573,-1
574,574,574,-1
575,575,575,-1
576,576,576,-1
577,577,577,-1
578,578,578,-1
579,579,579,-1
580,580,580,-1
581,581,581,-1
582,582,582,-1
583,583,583,-1
584,584,584,-1
585,585,585,-1
586,586,586,-1
587,587,587,-1
588,588,588,-1
589,589,589,-1
590,590,590,-1
591,591,591,-1
592,592,592,-1
593,593,593,-1
594,594,594,-1
595,595,595,-1
596,596,596,-1
597,597,597,-1
598,598,598,-1
599,599,599,-1
600,600,600,-1
601,601,601,-1
602,602,602,-1
603,603,603,-1
604,604,604,-1
605,605,605,-1
606,606,606,-1
607,607,607,-1
608,608,608,-1
609,609,609,-1
610,610,610,-1
611,611,611,-1
612,612,612,-1
613,613,613,-1
614,614,614,-1
615,615,615,-1
616,616,616,-1
617,617,617,-1
618,618,618,-1
619,619,619,-1
620,620,620,-1
621,621,621,-1
622,622,622,-1
623,623,623,-1
624,624,624,-1
625,625,625,-1
626,626,626,-1
627,627,627,-1
628,628,628,-1
629,629,629,-1
630,630,630,-1
631,631,631,-1
632,632,632,-1
633,633,633,-1
634,634,634,-1
635,635,635,-1
636,636,636,-1
637,637,637,-1
638,638,638,-1
639,639,639,-1
640,640,640,-1
641,641,641,-1
642,642,642,-1
643,643,643,-1
644,644,644,-1
645,645,645,-1
646,646,646,-1
647,647,647,-1
648,648,648,-1
649,649,649,-1
650,650,650,-1
651,651,651,-1
652,652,652,-1
653,653,653,-1
654,654,654,-1
655,655,655,-1
656,656,656,-1
657,657,657,-1
658,658,658,-1
659,659,659,-1
660,660,660,-1
661,661,661,-1
662,662,662,-1
663,663,-1,-1
664,664,663,-1
665,665,664,-1
666,666,665,-1
667,667,666,-1
668,668,667,-1
669,669,668,-1
670,670,669,-1
671,671,670,-1
672,672,671,-1
673,673,672,-1
674,674,673,-1
675,675,674,-1
676,676,675,-1
677,677,676,-1
678,678,677,-1
679,679,678,-1
680,680,679,-1
681,681,680,-1
682,682,681,-1
683,683,682,-1
684,684,683,-1
685,685,684,-1
686,686,685,-1
687,687,686,-1
688,688,687,-1
689,689,688,-1
690,690,689,-1
691,691,690,-1
692,692,691,-1
693,693,692,-1
694,694,693,-1
695,695,694,-1
696,696,695,-1
697,697,696,-1
698,698,697,-1
699,699,698,-1
700,700,699,-1
701,701,700,-1
702,702,701,-1
703,703,702,-1
704,704,703,-1
705,705,704,-1
706,706,705,-1
707,707,706,-1
708,708,707,-1
709,709,708,-1
710,710,709,-1
711,711,710,-1
712,712,711,-1
713,713,712,-1
714,714,713,-1
715,715,714,-1
716,716,715,-1
717,717,716,-1
718,718,717,-1
719,719,718,-1
720,720,719,-1
721,721,720,-1
722,722,721,-1
723,723,722,-1
724,724,723,-1
725,725,724,-1
726,726,725,-1
727,727,726,-1
728,728,727,-1
729,729,728,-1
730,730,729,-1
731,731,730,-1
732,732,731,-1
733,733,732,-1
734,734,733,-1
735,735,734,-1
736,736,735,-1
737,737,736,-1
738,738,737,-1
739,739,738,-1
740,740,739,-1
741,741,740,-1
742,742,741,-1
743,743,742,-1
744,744,743,-1
745,745,744,-1
746,746,745,-1
747,747,746,-1
748,748,747,-1
749,749,748,-1
750,750,749,-1
751,751,750,-1
752,752,751,-1
753,753,752,-1
754,754,753,-1
755,755,754,-1
756,756,755,-1
757,757,756,-1
758,758,757,-1
759,759,758,-1
760,760,759,-1
761,761,760,-1
762,762,761,-1
763,763,762,-1
764,764,763,-1
765,765,764,-1
766,766,765,-1
767,767,766,-1
768,768,767,-1
769,769,768,-1
770,770,769,-1
771,771,770,-1
772,772,771,-1
773,773,772,-1
774,774,773,-1
775,775,774,-1
776,776,775,-1
777,777,776,-1
778,778,777,-1
779,779,778,-1
780,780,779,-1
781,781,780,-1
782,782,781,-1
783,783,782,-1
784,784,783,-1
785,785,784,-1
786,786,785,-1
787,787,786,-1
788,788,787,-1
789,789,788,-1
790,790,789,-1
791,791,790,-1
792,792,791,-1
793,793,792,-1
794,794,793,-1
795,795,794,-1
796,796,795,-1
797,797,796,-1
798,798,797,-1
799,799,798,-1
800,800,799,-1
801,801,800,-1
802,802,801,-1
803,803,802,-1
804,804,803,-1
805,805,804,-1
806,806,805,-1
807,807,806,-1
808,808,807,-1
809,809,808,-1
810,810,809,-1
811,811,810,-1
812,812,811,-1
813,813,812,-1
814,814,813,-1
815,815,814,-1
816,816,815,-1
817,817,816,-1
818,818,817,-1
819,819,818,-1
820,820,819,-1
821,821,820,-1
822,822,821,-1
823,823,822,-1
824,824,823,-1
825,825,824,-1
826,826,825,-1
827,827,826,-1
828,828,827,-1
829,829,828,-1
830,830,829,-1
831,831,830,-1
832,832,831,-1
833,833,832,-1
834,834,833,-1
835,835,834,-1
836,836,835,-1
837,837,836,-1
838,838,837,-1
839,839,838,-1
840,840,839,-1
841,841,840,-1
842,842,841,-1
843,843,842,-1
844,844,843,-1
845,845,844,-1
846,846,845,-1
847,847,846,-1
848,848,847,-1
849,849,848,-1
850,850,849,-1
851,851,850,-1
852,852,851,-1
853,853,852,-1
854,854,853,-1
855,855,854,-1
856,856,855,-1
857,857,856,-1
858,858,857,-1
859,859,858,-1
860,860,859,-1
861,861,860,-1
862,862,861,-1
863,863,862,-1
864,864,863,-1
865,865,864,-1
866,866,865,-1
867,867,866,-1
868,868,867,-1
869,869,868,-1
870,870,869,-1
871,871,870,-1
872,872,871,-1
873,873,872,-1
874,874,873,-1
875,875,874,-1
876,876,875,-1
877,877,876,-1
878,878,877,-1
879,879,878,-1
880,880,879,-1
881,881,880,-1
882,882,881,-1
883,883,882,-1
884,884,883,-1
885,885,884,-1
886,886,885,-1
887,887,886,-1
888,888,887,-1
889,889,888,-1
890,890,889,-1
891,891,890,-1
892,892,891,-1
893,893,892,-1
894,894,893,-1
895,895,894,-1
896,896,895,-1
897,897,896,-1
898,898,897,-1
899,899,898,-1
900,900,899,-1
901,901,900,-1
902,902,901,-1
903,903,902,-1
904,904,903,-1
905,905,904,-1
906,906,905,-1
907,907,906,-1
908,908,907,-1
909,909,908,-1
910,910,909,-1
911,911,910,-1
912,912,911,-1
913,913,912,-1
914,914,913,-1
915,915,914,-1
916,916,915,-1
917,917,916,-1
918,918,917,-1
919,919,918,-1
920,920,919,-1
921,921,920,-1
922,922,921,-1
923,923,922,-1
924,924,923,-1
925,925,924,-1
926,926,925,-1
927,927,926,-1
928,928,927,-1
929,929,928,-1
930,930,929,-1
931,931,929,-1
932,932,930,-1
933,933,931,-1
934,934,932,-1
935,935,933,-1
936,936,934,-1
937,937,935,-1
938,938,936,-1
939,939,937,-1
940,940,938,-1
941,941,939,-1
942,942,940,-1
943,943,941,-1
944,944,942,-1
945,945,943,-1
946,946,944,-1
947,947,945,-1
948,948,946,-1
949,949,947,-1
950,950,948,-1
951,951,949,-1
952,952,950,-1
953,953,951,-1
954,954,952,-1
955,955,953,-1
956,956,954,-1
957,957,955,-1
958,958,956,-1
959,959,957,-1
960,960,958,-1
961,961,959,-1
962,962,960,-1
963,963,961,-1
964,964,962,-1
965,965,963,-1
966,966,964,-1
967,967,965,-1
968,968,966,-1
969,969,967,-1
970,970,968,-1
971,971,969,-1
972,972,970,-1
973,973,971,-1
974,974,972,-1
975,975,973,-1
976,976,974,-1
977,977,975,-1
978,978,976,-1
979,979,977,-1
980,980,978,-1
981,981,979,-1
982,982,980,-1
983,983,981,-1
984,984,982,-1
985,985,983,-1
986,986,984,-1
987,987,985,-1
988,988,986,-1
989,989,987,-1
990,990,988,-1
991,991,989,-1
992,992,990,-1
993,993,991,-1
994,994,992,-1
995,995,993,-1
996,996,994,-1
997,997,995,-1
998,998,996,-1
999,999,997,-1
1000,1000,998,-1
1001,1001,999,-1
1002,1002,1000,-1
1003,1003,1001,-1
1004,1004,1002,-1
1005,1005,1003,-1
1006,1006,1004,-1
1007,1007,1005,-1
1008,1008,1006,-1
1009,1009,1007,-1
1010,1010,1008,-1
1011,1011,1009,-1
1012,1012,1010,-1
1013,1013,1011,-1
1014,1014,1012,-1
1015,1015,1013,-1
1016,1016,1014,-1
1017,1017,1015,-1
1018,1018,1016,-1
1019,1019,1017,-1
1020,1020,1018,-1
1021,1021,1019,-1
1022,1022,1020,-1
1023,1023,1021,-1
1024,1024,1022,-1
1025,1025,1023,-1
1026,1026,1024,-1
1027,1027,1025,-1
1028,1028,1026,-1
1029,1029,1027,-1
1030,1030,1028,-1
1031,1031,1029,-1
1032,1032,1030,-1
1033,1033,1031,-1
1034,1034,1032,-1
1035,1035,1033,-1
1036,1036,1034,-1
1037,1037,1035,-1
1038,1038,1036,-1
1039,1039,1037,-1
1040,1040,1038,-1
1041,1041,1039,-1
1042,1042,1040,-1
1043,1043,1041,-1
1044,1044,1042,-1
1045,1045,1043,-1
1046,1046,1044,-1
1047,1047,1045,-1
1048,1048,1046,-1
1049,1049,1047,-1
1050,1050,1048,-1
1051,1051,1049,-1
1052,1052,1050,-1
1053,1053,1051,-1
1054,1054,1052,-1
1055,1055,1053,-1
1056,1056,1054,-1
1057,1057,1055,-1
1058,1058,1056,-1
1059,1059,1057,-1
1060,1060,1058,-1
1061,1061,1059,-1
1062,1062,1060,-1
1063,1063,1061,-1
1064,1064,1062,-1
1065,1065,1063,-1
1066,1066,1064,-1
1067,1067,1065,-1
1068,1068,1066,-1
1069,1069,1067,-1
1070,1070,1068,-1
1071,1071,1069,-1
1072,1072,1070,-1
1073,1073,1071,-1
1074,1074,1072,-1
1075,1075,1073,-1
1076,1076,1074,-1
1077,1077,1075,-1
1078,1078,1076,-1
1079,1079,1077,-1
1080,1080,1078,-1
1081,1081,1079,-1
1082,1082,1080,-1
1083,1083,1081,-1
1084,1084,1082,-1
1085,1085,1083,-1
1086,1086,1084,-1
1087,1087,1085,-1
1088,1088,1086,-1
1089,1089,1087,-1
1090,1090,1088,-1
1091,1091,1089,-1
1092,1092,1090,-1
1093,1093,1091,-1
1094,1094,1092,-1
1095,1095,1093,-1
1096,1096,1094,-1
1097,1097,1095,-1
1098,1098,1096,-1
1099,1099,1097,-1
1100,1100,1098,-1
1101,1101,1099,-1
1102,1102,1100,-1
1103,1103,1101,-1
1104,1104,1102,-1
1105,1105,1103,-1
1106,1106,1104,-1
1107,1107,1105,-1
1108,1108,1106,-1
1109,1109,1107,-1
1110,1110,1108,-1
1111,1111,1109,-1
1112,1112,1110,-1
1113,1113,1111,-1
1114,1114,1112,-1
1115,1115,1113,-1
1116,1116,1114,-1
1117,1117,1115,-1
1118,1118,1116,-1
1119,1119,1117,-1
1120,1120,1118,-1
1121,1121,1119,-1
1122,1122,1120,-1
1123,1123,1121,-1
1124,1124,1122,-1
1125,1125,1123,-1
1126,1126,1124,-1
1127,1127,1125,-1
1128,1128,1126,-1
1129,1129,1127,-1
1130,1130,1128,-1
1131,1131,1129,-1
1132,1132,1130,-1
1133,1133,1131,-1
1134,1134,1132,-1
1135,1135,1133,-1
1136,1136,1134,-1
1137,1137,1135,-1
1138,1138,1136,-1
1139,1139,1137,-1
1140,1140,1138,-1
1141,1141,1139,-1
1142,1142,1140,-1
1143,1143,1141,-1
1144,1144,1142,-1
1145,1145,1143,-1
1146,1146,1144,-1
1147,1147,1145,-1
1148,1148,1146,-1
1149,1149,1147,-1
1150,1150,1148,-1
1151,1151,1149,-1
1152,1152,1150,-1
1153,1153,1151,-1
1154,1154,1152,-1
1155,1155,1153,-1
1156,1156,1154,-1
1157,1157,1155,-1
1158,1158,1156,-1
1159,1159,1157,-1
1160,1160,1158,-1
1161,1161,1159,-1
1162,1162,1160,-1
1163,1163,1161,-1
1164,1164,1162,-1
1165,1165,1163,-1
1166,1166,1164,-1
1167,1167,1165,-1
1168,1168,1166,-1
1169,1169,1167,-1
1170,1170,1168,-1
1171,1171,1169,-1
1172,1172,1170,-1
1173,1173,1171,-1
1174,1174,1172,-1
1175,1175,1173,-1
1176,1176,1174,-1
1177,1177,1175,-1
1178,1178,1176,-1
1179,1179,1177,-1
1180,1180,1178,-1
1181,1181,1179,-1
1182,1182,1180,-1
1183,1183,1181,-1
1184,1184,1182,-1
1185,1185,1183,-1
1186,1186,1184,-1
1187,1187,1185,-1
1188,1188,1186,-1
1189,1189,1187,-1
1190,1190,1188,-1
1191,1191,1189,-1
1192,1192,1190,-1
1193,1193,1191,-1
1194,1194,1192,-1
1195,1195,1193,-1
1196,1196,1194,-1
1197,1197,1195,-1
1198,1198,1196,-1
1199,1199,1197,-1
1200,1200,1198,-1
1201,1201,1199,-1
1202,1202,1200,-1
1203,1203,1201,-1
1204,1204,1202,-1
1205,1205,1203,-1
1206,1206,1204,-1
1207,1207,1205,-1
1208,1208,1206,-1
1209,1209,1207,-1
1210,1210,1208,-1
1211,1211,1209,-1
1212,1212,1210,-1
1213,1213,1211,-1
1214,1214,1212,-1
1215,1215,1213,-1
1216,1216,1214,-1
1217,1217,1215,-1
1218,1218,1216,-1
1219,1219,1217,-1
1220,1220,1218,-1
1221,1221,1219,-1
1222,1222,1220,-1
1223,1223,1221,-1
1224,1224,1222,-1
1225,1225,1223,-1
1226,1226,1224,-1
1227,1227,1225,-1
1228,1228,1226,-1
1229,1229,1227,-1
1230,1230,1228,-1
1231,1231,1229,-1
1232,1232,1230,-1
1233,1233,1231,-1
1234,1234,1232,-1
1235,1235,1233,-1
1236,1236,1234,-1
1237,1237,1235,-1
1238,1238,1236,-1
1239,1239,1237,-1
1240,1240,1238,-1
1241,1241,1239,-1
1242,1242,1240,-1
1243,1243,1241,-1
1244,1244,1242,-1
1245,1245,1243,-1
1246,1246,1244,-1
1247,1247,1245,-1
1248,1248,1246,-1
1249,1249,1247,-1
1250,1250,1248,-1
1251,1251,1249,-1
1252,1252,1250,-1
1253,1253,1251,-1
1254,1254,1252,-1
1255,1255,1253,-1
1256,1256,1254,-1
1257,1257,1255,-1
1258,1258,1256,-1
1259,1259,1257,-1
1260,1260,1258,-1
1261,1261,1259,-1
1262,1262,1260,-1
1263,1263,1261,-1
1264,1264,1262,-1
1265,1265,1263,-1
1266,1266,1264,-1
1267,1267,1265,-1
1268,1268,1266,-1
1269,1269,1267,-1
1270,1270,1268,-1
1271,1271,1269,-1
1272,1272,1270,-1
1273,1273,1271,-1
1274,1274,1272,-1
1275,1275,1273,-1
1276,1276,1274,-1
1277,1277,1275,-1
1278,1278,1276,-1
1279,1279,1277,-1
1280,1280,1278,-1
1281,1281,1279,-1
1282,1282,1280,-1
1283,1283,1281,-1
1284,1284,1282,-1
1285,1285,1283,-1
1286,1286,1284,-1
1287,1287,1285,-1
1288,1288,1286,-1
1289,1289,1287,-1
1290,1290,1288,-1
1291,1291,1289,-1
1292,1292,1290,-1
1293,1293,1291,-1
1294,1294,1292,-1
1295,1295,1293,-1
1296,1296,1294,-1
1297,1297,1295,-1
1298,1298,1296,-1
1299,1299,1297,-1
1300,1300,1298,-1
1301,1301,1299,-1
1302,1302,1300,-1
1303,1303,1301,-1
1304,1304,1302,-1
1305,1305,1303,-1
1306,1306,1304,-1
1307,1307,1305,-1
1308,1308,1306,-1
1309,1309,1307,-1
1310,1310,1308,-1
1311,1311,1309,-1
1312,1312,1310,-1
1313,1313,1311,-1
1314,1314,1312,-1
1315,1315,1313,-1
1316,1316,1314,-1
1317,1317,1315,-1
1318,1318,1316,-1
1319,1319,1317,-1
1320,1320,1318,-1
1321,1321,1319,-1
1322,1322,1320,-1
1323,1323,1321,-1
1324,1324,1322,-1
1325,1325,1323,-1
1326,1326,1324,-1
1327,1327,1325,-1
1328,1328,1326,-1
1329,1329,1327,-1
1330,1330,1328,-1
1331,1331,1329,-1
1332,1332,1330,-1
1333,1333,1331,-1
1334,1334,1332,-1
1335,1335,1333,-1
1336,1336,1334,-1
1337,1337,1335,-1
1338,1338,1336,-1
1339,1339,1337,-1
1340,1340,1338,-1
1341,1341,1339,-1
1342,1342,1340,-1
1343,1343,1341,-1
1344,1344,1342,-1
1345,1345,1343,-1
1346,1346,1344,-1
1347,1347,1345,-1
1348,1348,1346,-1
1349,1349,1347,-1
1350,1350,1348,-1
1351,1351,1349,-1
1352,1352,1350,-1
1353,1353,1351,-1
1354,1354,1352,-1
1355,1355,1353,-1
1356,1356,1354,-1
1357,1357,1355,-1
1358,1358,1356,-1
1359,1359,1357,-1
1360,1360,1358,-1
1361,1361,1359,-1
1362,1362,1360,-1
1363,1363,1361,-1
1364,1364,1362,-1
1365,1365,1363,-1
1366,1366,1364,-1
1367,1367,1365,-1
1368,1368,1366,-1
1369,1369,1367,-1
1370,1370,1368,-1
1371,1371,1369,-1
1372,1372,1370,-1
1373,1373,1371,-1
1374,1374,1372,-1
1375,1375,1373,-1
1376,1376,1374,-1
1377,1377,1375,-1
1378,1378,1376,-1
1379,1379,1377,-1
1380,1380,1378,-1
1381,1381,1379,-1
1382,1382,1380,-1
1383,1383,1381,-1
1384,1384,1382,-1
1385,1385,1383,-1
1386,1386,1384,-1
1387,1387,1385,-1
1388,1388,1386,-1
1389,1389,1387,-1
1390,1390,1388,-1
1391,1391,1389,-1
1392,1392,1390,-1
1393,1393,1391,-1
1394,1394,1392,-1
1395,1395,1393,-1
1396,1396,1394,-1
1397,1397,1395,-1
1398,1398,1396,-1
1399,1399,1397,-1
1400,1400,1398,-1
1401,1401,1399,-1
1402,1402,1400,-1
1403,1403,1401,-1
1404,1404,1402,-1
1405,1405,1403,-1
1406,1406,1404,-1
1407,1407,1405,-1
1408,1408,1406,-1
1409,1409,1407,-1
1410,1410,1408,-1
1411,1411,1409,-1
1412,1412,1410,-1
1413,1413,1411,-1
1414,1414,1412,-1
1415,1415,1413,-1
1416,1416,1414,-1
1417,1417,1415,-1
1418,1418,1416,-1
1419,1419,1417,-1
1420,1420,1418,-1
1421,1421,1419,-1
1422,1422,1420,-1
1423,1423,1421,-1
1424,1423,1422,-1
1425,1424,1423,-1
1426,1425,1424,-1
1427,1426,1425,-1
1428,1427,1426,-1
1429,1428,1427,-1
1430,1429,1428,-1
1431,1430,1429,-1
1432,1431,1430,-1
1433,1432,1431,-1
1434,1433,1432,-1
1435,1434,1433,-1
1436,1435,1434,-1
1437,1436,1435,-1
1438,1437,1436,-1
1439,1438,1437,-1
1440,1439,1438,-1
1441,1440,1439,-1
1442,1441,1440,-1
1443,1442,1441,-1
1444,1443,1442,-1
1445,1444,1443,-1
1446,1445,1444,-1
1447,1446,1445,-1
1448,1447,1446,-1
1449,1448,1447,-1
1450,1449,1448,-1
1451,1450,1449,-1
1452,1451,1450,-1
1453,1452,1451,-1
1454,1453,1452,-1
1455,1454,1453,-1
1456,1455,1454,-1
1457,1456,1455,-1
1458,1457,1456,-1
1459,1458,1457,-1
1460,1459,1458,-1
1461,1460,1459,-1
1462,1461,1460,-1
1463,1462,1461,-1
1464,1463,1462,-1
1465,1464,1463,-1
1466,1465,1464,-1
1467,1466,1465,-1
1468,1467,1466,-1
1469,1468,1467,-1
1470,1469,1468,-1
1471,1470,1469,-1
1472,1471,1470,-1
1473,1472,1471,-1
1474,1473,1472,-1
1475,1474,1473,-1
1476,1475,1474,-1
1477,1476,1475,-1
1478,1477,1476,-1
1479,1478,1477,-1
1480,1479,1478,-1
1481,1480,1479,-1
1482,1481,1480,-1
1483,1482,1481,-1
1484,1483,1482,-1
1485,1484,1483,-1
1486,1485,1484,-1
1487,1486,1485,-1
1488,1487,1486,-1
1489,1488,1487,-1
1490,1489,1488,-1
1491,1490,1489,-1
1492,1491,1490,-1
1493,1492,1491,-1
1494,1493,1492,-1
1495,1494,1493,-1
1496,1495,1494,-1
1497,1496,1495,-1
1498,1497,1496,-1
1499,1498,1497,-1
1500,1499,1498,-1
1501,1500,1499,-1
1502,1501,1500,-1
1503,1502,1501,-1
1504,1503,1502,-1
1505,1504,1503,-1
1506,1505,1504,-1
1507,1506,1505,-1
1508,1507,1506,-1
1509,1508,1507,-1
1510,1509,1508,-1
1511,1510,1509,-1
1512,1511,1510,-1
1513,1512,1511,-1
1514,1513,1512,-1
1515,1514,1513,-1
1516,1515,1514,-1
1517,1516,1515,-1
1518,1517,1516,-1
1519,1518,1517,-1
1520,1519,1518,-1
1521,1520,1519,-1
1522,1521,1520,-1
1523,1522,1521,-1
1524,1523,1522,-1
1525,1524,1523,-1
1526,1525,1524,-1
1527,1526,1525,-1
1528,1527,1526,-1
1529,1528,1527,-1
1530,1529,1528,-1
1531,1530,1529,-1
1532,1531,1530,-1
1533,1532,1531,-1
1534,1533,1532,-1
1535,1534,1533,-1
1536,1535,1534,-1
1537,1536,1535,-1
1538,1537,1536,-1
1539,1538,1537,-1
1540,1539,1538,-1
1541,1540,1539,-1
1542,1541,1540,-1
1543,1542,1541,-1
1544,1543,1542,-1
1545,1544,1543,-1
1546,1545,1544,-1
1547,1546,1545,-1
1548,1547,1546,-1
1549,1548,1547,-1
1550,1549,1548,-1
1551,1550,1549,-1
1552,1551,1550,-1
1553,1552,1551,-1
1554,1553,1552,-1
1555,1554,1553,-1
1556,1555,1554,-1
1557,1556,1555,-1
1558,1557,1556,-1
1559,1558,1557,-1
1560,1559,1558,-1
1561,1560,1559,-1
1562,1561,1560,-1
1563,1562,1561,-1
1564,1563,1562,-1
1565,1564,1563,-1
1566,1565,1564,-1
1567,1566,1565,-1
1568,1567,1566,-1
1569,1568,1567,-1
1570,1569,1568,-1
1571,1570,1569,-1
1572,1571,1570,-1
1573,1572,1571,-1
1574,1573,1572,-1
1575,1574,1573,-1
1576,1575,1574,-1
1577,1576,1575,-1
1578,1577,1576,-1
1579,1578,1577,-1
1580,1579,1578,-1
1581,1580,1579,-1
1582,1581,1580,-1
1583,1582,1581,-1
1584,1583,1582,-1
1585,1584,1583,-1
1586,1585,1584,-1
1587,1586,1585,-1
1588,1587,1586,-1
1589,1588,1587,-1
1590,1589,1588,-1
1591,1590,1589,-1
1592,1591,1590,-1
1593,1592,1591,-1
1594,1593,1592,-1
1595,1594,1593,-1
1596,1595,1594,-1
1597,1596,1595,-1
1598,1597,1596,-1
1599,1598,1597,-1
1600,1599,1598,-1
1601,1600,1599,-1
1602,1601,1600,-1
1603,1602,1601,-1
1604,1603,1602,-1
1605,1604,1603,-1
1606,1605,1604,-1
1607,1606,1605,-1
1608,1607,1606,-1
1609,1608,1607,-1
1610,1609,1608,-1
1611,1610,1609,-1
1612,1611,1610,-1
1613,1612,1611,-1
1614,1613,1612,-1
1615,1614,1613,-1
1616,1615,1614,-1
1617,1616,1615,-1
1618,1617,1616,-1
1619,1618,1617,-1
1620,1619,1618,-1
1621,1620,1619,-1
1622,1621,1620,-1
1623,1622,1621,-1
1624,1623,1622,-1
1625,1624,1623,-1
1626,1625,1624,-1
1627,1626,1625,-1
1628,1627,1626,-1
1629,1628,1627,-1
1630,1629,1628,-1
1631,1630,1629,-1
1632,1631,1630,-1
1633,1632,1631,-1
1634,1633,1632,-1
1635,1634,1633,-1
1636,1635,1634,-1
1637,1636,1635,-1
1638,1637,1636,-1
1639,1638,1637,-1
1640,1639,1638,-1
1641,1640,1639,-1
1642,1641,1640,-1
1643,1642,1641,-1
1644,1643,1642,-1
1645,1644,1643,-1
1646,1645,1644,-1
1647,1646,1645,-1
1648,1647,1646,-1
1649,1648,1647,-1
1650,1649,1648,-1
1651,1650,1649,-1
1652,1651,1650,-1
1653,1652,1651,-1
1654,1653,1652,-1
1655,1654,1653,-1
1656,1655,1654,-1
1657,1656,1655,-1
1658,1657,1656,-1
1659,1658,1657,-1
1660,1659,1658,-1
1661,1660,1659,-1
1662,1661,1660,-1
1663,1662,1661,-1
1664,1663,1662,-1
1665,1664,1663,-1
1666,1665,1664,-1
1667,1666,1665,-1
1668,1667,1666,-1
1669,1668,1667,-1
1670,1669,1668,-1
1671,1670,1669,-1
1672,1671,1670,-1
1673,1672,1671,-1
1674,1673,1672,-1
1675,1674,1673,-1
1676,1675,1674,-1
1677,1676,1675,-1
1678,1677,1676,-1
1679,1678,1677,-1
1680,1679,1678,-1
1681,1680,1679,-1
1682,1681,1680,-1
1683,1682,1681,-1
1684,1683,1682,-1
1685,1684,1683,-1
1686,1685,1684,-1
1687,1686,1685,-1
1688,1687,1686,-1
1689,1688,1687,-1
1690,1689,1688,-1
1691,1690,1689,-1
1692,1691,1690,-1
1693,1692,1691,-1
1694,1693,1692,-1
1695,1694,1693,-1
1696,1695,1694,-1
1697,1696,1695,-1
1698,1697,1696,-1
1699,1698,1697,-1
1700,1699,1698,-1
1701,1700,1699,-1
1702,1701,1700,-1
1703,1702,1701,-1
1704,1703,1702,-1
1705,1704,1703,-1
1706,1705,1704,-1
1707,1706,1705,-1
1708,1707,1706,-1
1709,1708,1707,-1
1710,1709,1708,-1
1711,1710,1709,-1
1712,1711,1710,-1
1713,1712,1711,-1
1714,1713,1712,-1
1715,1714,1713,-1
1716,1715,1714,-1
1717,1716,1715,-1
1718,1717,1716,-1
1719,1718,1717,-1
1720,1719,1718,-1
1721,1720,1719,-1
1722,1721,1720,-1
1723,1722,1721,-1
1724,1723,1722,-1
1725,1724,1723,-1
1726,1725,1724,-1
1727,1726,1725,-1
1728,1727,1726,-1
1729,1728,1727,-1
1730,1729,1728,-1
1731,1730,1729,-1
1732,1731,1730,-1
1733,1732,1731,-1
1734,1733,1732,-1
1735,1734,1733,-1
1736,1735,1734,-1
1737,1736,1735,-1
1738,1737,1736,-1
1739,1738,1737,-1
1740,1739,1738,-1
1741,1740,1739,-1
1742,1741,1740,-1
1743,1742,1741,-1
1744,1743,1742,-1
1745,1744,1743,-1
1746,1745,1744,-1
1747,1746,1745,-1
1748,1747,1746,-1
1749,1748,1747,-1
1750,1749,1748,-1
1751,1750,1749,-1
1752,1751,1750,-1
1753,1752,1751,-1
1754,1753,1752,-1
1755,1754,1753,-1
1756,1755,1754,-1
1757,1756,1755,-1
1758,1757,1756,-1
1759,1758,1757,-1
1760,1759,1758,-1
1761,1760,1759,-1
1762,1761,1760,-1
1763,1762,1761,-1
1764,1763,1762,-1
1765,1764,1763,-1
1766,1765,1764,-1
1767,1766,1765,-1
1768,1767,1766,-1
1769,1768,1767,-1
1770,1769,1768,-1
1771,1770,1769,-1
1772,1771,1770,-1
1773,1772,1771,-1
1774,1773,1772,-1
1775,1774,1773,-1
1776,1775,1774,-1
1777,1776,1775,-1
1778,1777,1776,-1
1779,1778,1777,-1
1780,1779,1778,-1
1781,1780,1779,-1
1782,1781,1780,-1
1783,1782,1781,-1
1784,1783,1782,-1
1785,1784,1783,-1
1786,1785,1784,-1
1787,1786,1785,-1
1788,1787,1786,-1
1789,1788,1787,-1
1790,1789,1788,-1
1791,1790,1789,-1
1792,1791,1790,-1
1793,1792,1791,-1
1794,1793,1792,-1
1795,1794,1793,-1
1796,1795,1794,-1
1797,1796,1795,-1
1798,1797,1796,-1
1799,1798,1797,-1
1800,1799,1798,-1
1801,1800,1799,-1
1802,1801,1800,-1
1803,1802,1801,-1
1804,1803,1802,-1
1805,1804,1803,-1
1806,1805,1804,-1
1807,1806,1805,-1
1808,1807,1806,-1
1809,1808,1807,-1
1810,1809,1808,-1
1811,1810,1809,-1
1812,1811,1810,-1
1813,1812,1811,-1
1814,1813,1812,-1
1815,1814,1813,-1
1816,1815,1814,-1
1817,1816,1815,-1
1818,1817,1816,-1
1819,1818,1817,-1
1820,1819,1818,-1
1821,1820,1819,-1
1822,1821,1820,-1
1823,1822,1821,-1
1824,1823,1822,-1
1825,1824,1823,-1
1826,1825,1824,-1
1827,1826,1825,-1
1828,1827,1826,-1
1829,1828,1827,-1
1830,1829,1828,-1
1831,1830,1829,-1
1832,1831,1830,-1
1833,1832,1831,-1
1834,1833,1832,-1
1835,1834,1833,-1
1836,1835,1834,-1
1837,1836,1835,-1
1838,1837,1836,-1
1839,1838,1837,-1
1840,1839,1838,-1
1841,1840,1839,-1
1842,1841,1840,-1
1843,1842,1841,-1
1844,1843,1842,-1
1845,1844,1843,-1
1846,1845,1844,-1
1847,1846,1845,-1
1848,1847,1846,-1
1849,1848,1847,-1
1850,1849,1848,-1
1851,1850,1849,-1
1852,1851,1850,-1
1853,1852,1851,-1
1854,1853,1852,-1
1855,1854,1853,-1
1856,1855,1854,-1
1857,1856,1855,-1
1858,1857,1856,-1
1859,1858,1857,-1
1860,1859,1858,-1
1861,1860,1859,-1
1862,1861,1860,-1
1863,1862,1861,-1
1864,1863,1862,-1
1865,1864,1863,-1
1866,1865,1864,-1
1867,1866,1865,-1
1868,1867,1866,-1
1869,1868,1867,-1
1870,1869,1868,-1
1871,1870,1869,-1
1872,1871,1870,-1
1873,1872,1871,-1
1874,1873,1872,-1
1875,1874,1873,-1
1876,1875,1874,-1
1877,1876,1875,-1
1878,1877,1876,-1
1879,1878,1877,-1
1880,1879,1878,-1
1881,1880,1879,-1
1882,1881,1880,-1
1883,1882,1881,-1
1884,1883,1882,-1
1885,1884,1883,-1
1886,1885,1884,-1
1887,1886,1885,-1
1888,1887,1886,-1
1889,1888,1887,-1
1890,1889,1888,-1
1891,1890,1889,-1
1892,1891,1890,-1
1893,1892,1891,-1
1894,1893,1892,-1
1895,1894,1893,-1
1896,1895,1894,-1
1897,1896,1895,-1
1898,1897,1896,-1
1899,1898,1897,-1
1900,1899,1898,-1
1901,1900,1899,-1
1902,1901,1900,-1
1903,1902,1901,-1
1904,1903,1902,-1
1905,1904,1903,-1
1906,1905,1904,-1
1907,1906,1905,-1
1908,1907,1906,-1
1909,1908,1907,-1
1910,1909,1908,-1
1911,1910,1909,-1
1912,1911,1910,-1
1913,1912,1911,-1
1914,1913,1912,-1
1915,1914,1913,-1
1916,1915,1914,-1
1917,1916,1915,-1
1918,1917,1916,-1
1919,1918,1917,-1
1920,1919,1918,-1
1921,1920,1919,-1
1922,1921,1920,-1
1923,1922,1921,-1
1924,1923,1922,-1
1925,1924,1923,-1
1926,1925,1924,-1
1927,1926,1925,-1
1928,1927,1926,-1
1929,1928,1927,-1
1930,1929,1928,-1
1931,1930,1929,-1
1932,1931,1930,-1
1933,1932,1931,-1
1934,1933,1932,-1
1935,1934,1933,-1
1936,1935,1934,-1
1937,1936,1935,-1
1938,1937,1936,-1
1939,1938,1937,-1
1940,1939,1938,-1
1941,1940,1939,-1
1942,1941,1940,-1
1943,1942,1941,-1
1944,1943,1942,-1
1945,1944,1943,-1
1946,1945,1944,-1
1947,1946,1945,-1
1948,1947,1946,-1
1949,1948,1947,-1
1950,1949,1948,-1
1951,1950,1949,-1
1952,1951,1950,-1
1953,1952,1951,-1
1954,1953,1952,-1
1955,1954,1953,-1
1956,1955,1954,-1
1957,1956,1955,-1
1958,1957,1956,-1
1959,1958,1957,-1
1960,1959,1958,-1
1961,1960,1959,-1
1962,1961,1960,-1
1963,1962,1961,-1
1964,1963,1962,-1
1965,1964,1963,-1
1966,1965,1964,-1
1967,1966,1965,-1
1968,1967,1966,-1
1969,1968,1967,-1
1970,1969,1968,-1
1971,1970,1969,-1
1972,1971,1970,-1
1973,1972,1971,-1
1974,1973,1972,-1
1975,1974,1973,-1
1976,1975,1974,-1
1977,1976,1975,-1
1978,1977,1976,-1
1979,1978,1977,-1
1980,1979,1978,-1
1981,1980,1979,-1
1982,1981,1980,-1
1983,1982,1981,-1
1984,1983,1982,-1
1985,1984,1983,-1
1986,1985,1984,-1
1987,1986,1985,-1
1988,1987,1986,-1
1989,1988,1987,-1
1990,1989,1988,-1
1991,1990,1989,-1
1992,1991,1990,-1
1993,1992,1991,-1
1994,1993,1992,-1
1995,1994,1993,-1
1996,1995,1994,-1
1997,1996,1995,-1
1998,1997,1996,-1
1999,1998,1997,-1
2000,1999,1998,-1
2001,2000,1999,-1
2002,2001,2000,-1
2003,2002,2001,-1
2004,2003,2002,-1
2005,2004,2003,-1
2006,2005,2004,-1
2007,2006,2005,-1
2008,2007,2006,-1
2009,2008,2007,-1
2010,2009,2008,-1
2011,2010,2009,-1
2012,2011,2010,-1
2013,2012,2011,-1
2014,2013,2012,-1
2015,2014,2013,-1
2016,2015,2014,-1
2017,2016,2015,-1
2018,2017,2016,-1
2019,2018,2017,-1
2020,2019,2018,-1
2021,2020,2019,-1
2022,2021,2020,-1
2023,2022,2021,-1
2024,2023,2022,-1
2025,2024,2023,-1
2026,2025,2024,-1
2027,2026,2025,-1
2028,2027,2026,-1
2029,2028,2027,-1
2030,2029,2028,-1
2031,2030,2029,-1
2032,2031,2030,-1
2033,2032,2031,-1
2034,2033,2032,-1
2035,2034,2033,-1
2036,2035,2034,-1
2037,2036,2035,-1
2038,2037,2036,-1
2039,2038,2037,-1
2040,2039,2038,-1
2041,2040,2039,-1
2042,2041,2040,-1
2043,2042,2041,-1
2044,2043,2042,-1
2045,2044,2043,-1
2046,2045,2044,-1
2047,2046,2045,-1
2048,2047,2046,-1
2049,2048,2047,-1
2050,2049,2048,-1
2051,2050,2049,-1
2052,2051,2050,-1
2053,2052,2051,-1
2054,2053,2052,-1
2055,2054,2053,-1
2056,2055,2054,-1
2057,2056,2055,-1
2058,2057,2056,-1
2059,2058,2057,-1
2060,2059,2058,-1
2061,2060,2059,-1
2062,2061,2060,-1
2063,2062,2061,-1
2064,2063,2062,-1
2065,2064,2063,-1
2066,2065,2064,-1
2067,2066,2065,-1
2068,2067,2066,-1
2069,2068,2067,-1
2070,2069,2068,-1
2071,2070,2069,-1
2072,2071,2070,-1
2073,2072,2071,-1
2074,2073,2072,-1
2075,2074,2073,-1
2076,2075,2074,-1
2077,2076,2075,-1
2078,2077,2076,-1
2079,2078,2077,-1
2080,2079,2078,-1
2081,2080,2079,-1
2082,2081,2080,-1
2083,2082,2081,-1
2084,2083,2082,-1
2085,2084,2083,-1
2086,2085,2084,-1
2087,2086,2085,-1
2088,2087,2086,-1
2089,2088,2087,-1
2090,2089,2088,-1
2091,2090,2089,-1
2092,2091,2090,-1
2093,2092,2091,-1
2094,2093,2092,-1
2095,2094,2093,-1
2096,2095,2094,-1
2097,2096,2095,-1
2098,2097,2096,-1
2099,2098,2097,-1
2100,2099,2098,-1
2101,2100,2099,-1
2102,2101,2100,-1
2103,2102,2101,-1
2104,2103,2102,-1
2105,2104,2103,-1
2106,2105,2104,-1
2107,2106,2105,-1
2108,2107,2106,-1
2109,2108,2107,-1
2110,2109,2108,-1
2111,2110,2109,-1
2112,2111,2110,-1
2113,2112,2111,-1
2114,2113,2112,-1
2115,2114,2113,-1
2116,2115,2114,-1
2117,2116,2115,-1
2118,2117,2116,-1
2119,2118,2117,-1
2120,2119,2118,-1
2121,2120,2119,-1
2122,2121,2120,-1
2123,2122,2121,-1
2124,2123,2122,-1
2125,2124,2123,-1
2126,2125,2124,-1
2127,2126,2125,-1
2128,2127,2126,-1
2129,2128,2127,-1
2130,2129,2128,-1
2131,2130,2129,-1
2132,2131,2130,-1
2133,2132,2131,-1
2134,2133,2132,-1
2135,2134,2133,-1
2136,2135,2134,-1
2137,2136,2135,-1
2138,2137,2136,-1
2139,2138,2137,-1
2140,2139,2138,-1
2141,2140,2139,-1
2142,2141,2140,-1
2143,2142,2141,-1
2144,2143,2142,-1
2145,2144,2143,-1
2146,2145,2144,-1
2147,2146,2145,-1
2148,2147,2146,-1
2149,2148,2147,-1
2150,2149,2148,-1
2151,2150,2149,-1
2152,2151,2150,-1
2153,2152,2151,-1
2154,2153,2152,-1
2155,2154,2153,-1
2156,2155,2154,-1
2157,2156,2155,-1
2158,2157,2156,-1
2159,2158,2157,-1
2160,2159,2158,-1
2161,2160,2159,-1
2162,2161,2160,-1
2163,2162,2161,-1
2164,2163,2162,-1
2165,2164,2163,-1
2166,2165,2164,-1
2167,2166,2165,-1
2168,2167,2166,-1
2169,2168,2167,-1
2170,2169,2168,-1
2171,2170,2169,-1
2172,2171,2170,-1
2173,2172,2171,-1
2174,2173,2172,-1
2175,2174,2173,-1
2176,2175,2174,-1
2177,2176,2175,-1
2178,2177,2176,-1
2179,2178,2177,-1
2180,2179,2178,-1
2181,2180,2179,-1
2182,2181,2180,-1
2183,2182,2181,-1
2184,2183,2182,-1
2185,2184,2183,-1
2186,2185,2184,-1
2187,2186,2185,-1
2188,2187,2186,-1
2189,2188,2187,-1
2190,2189,2188,-1
2191,2190,2189,-1
2192,2191,2190,-1
2193,2192,2191,-1
2194,2193,2192,-1
2195,2194,2193,-1
2196,2195,2194,-1
2197,2196,2195,-1
2198,2197,2196,-1
2199,2198,2197,-1
2200,2199,2198,-1
2201,2200,2199,-1
2202,2201,2200,-1
2203,2202,2201,-1
2204,2203,2202,-1
2205,2204,2203,-1
2206,2205,2204,-1
2207,2206,2205,-1
2208,2207,2206,-1
2209,2208,2207,-1
2210,2209,2208,-1
2211,2210,2209,-1
2212,2211,2210,-1
2213,2212,2211,-1
2214,2213,2212,-1
2215,2214,2213,-1
2216,2215,2214,-1
2217,2216,2215,-1
2218,2217,2216,-1
2219,2218,2217,-1
2220,2219,2218,-1
2221,2220,2219,-1
2222,2221,2220,-1
2223,2222,2221,-1
2224,2223,2222,-1
2225,2224,2223,-1
2226,2225,2224,-1
2227,2226,2225,-1
2228,2227,2226,-1
2229,2228,2227,-1
2230,2229,2228,-1
2231,2230,2229,-1
2232,2231,2230,-1
2233,2232,2231,-1
2234,2233,2232,-1
2235,2234,2233,-1
2236,2235,2234,-1
2237,2236,2235,-1
2238,2237,2236,-1
2239,2238,2237,-1
2240,2239,2238,-1
2241,2240,2239,-1
2242,2241,2240,-1
2243,2242,2241,-1
2244,2243,2242,-1
2245,2244,2243,-1
2246,2245,2244,-1
2247,2246,2245,-1
2248,2247,2246,-1
2249,2248,2247,-1
2250,2249,2248,-1
2251,2250,2249,-1
2252,2251,2250,-1
2253,2252,2251,-1
2254,2253,2252,-1
2255,2254,2253,-1
2256,2255,2254,-1
2257,2256,2255,-1
2258,2257,2256,-1
2259,2258,2257,-1
2260,2259,2258,-1
2261,2260,2259,-1
2262,2261,2260,-1
2263,2262,2261,-1
2264,2263,2262,-1
2265,2264,2263,-1
2266,2265,2264,-1
2267,2266,2265,-1
2268,2267,2266,-1
2269,2268,2267,-1
2270,2269,2268,-1
2271,2270,2269,-1
2272,2271,2270,-1
2273,2272,2271,-1
2274,2273,2272,-1
2275,2274,2273,-1
2276,2275,2274,-1
2277,2276,2275,-1
2278,2277,2276,-1
2279,2278,2277,-1
2280,2279,2278,-1
2281,2280,2279,-1
2282,2281,2280,-1
2283,2282,2281,-1
2284,2283,2282,-1
2285,2284,2283,-1
2286,2285,2284,-1
2287,2286,2285,-1
2288,2287,2286,-1
2289,2288,2287,-1
2290,2289,2288,-1
2291,2290,2289,-1
2292,2291,2290,-1
2293,2292,2291,-1
2294,2293,2292,-1
2295,2294,2293,-1
2296,2295,2294,-1
2297,2296,2295,-1
2298,2297,2296,-1
2299,2298,2297,-1
2300,2299,2298,-1
2301,2300,2299,-1
2302,2301,2300,-1
2303,2302,2301,-1
2304,2303,2302,-1
2305,2304,2303,-1
2306,2305,2304,-1
2307,2306,2305,-1
2308,2307,2306,-1
2309,2308,2306,-1
2310,2309,2307,-1
2311,2310,2308,-1
2312,2311,2309,-1
2313,2312,2310,-1
2314,2313,2311,-1
2315,2314,2312,-1
2316,2315,2313,-1
2317,2316,2314,-1
2318,2317,2315,-1
2319,2318,2316,-1
2320,2319,2317,-1
2321,2320,2318,-1
2322,2321,2319,-1
2323,2322,2320,-1
2324,2323,2321,-1
2325,2324,2322,-1
2326,2325,2323,-1
2327,2326,2324,-1
2328,2327,2325,-1
2329,2328,2326,-1
2330,2329,2327,-1
2331,2330,2328,-1
2332,2331,2329,-1
2333,2332,2330,-1
2334,2333,2331,-1
2335,2334,2332,-1
2336,2335,2333,-1
2337,2336,2334,-1
2338,2337,2335,-1
2339,2338,2336,-1
2340,2339,2337,-1
2341,2340,2338,-1
2342,2341,2339,-1
2343,2342,2340,-1
2344,2343,2341,-1
2345,2344,2342,-1
2346,2345,2343,-1
2347,2346,2344,-1
2348,2347,2345,-1
2349,2348,2346,-1
2350,2349,2347,-1
2351,2350,2348,-1
2352,2351,2349,-1
2353,2352,2350,-1
2354,2353,2351,-1
2355,2354,2352,-1
2356,2355,2353,-1
2357,2356,2354,-1
2358,2357,2355,-1
2359,2358,2356,-1
2360,2359,2357,-1
2361,2360,2358,-1
2362,2361,2359,-1
2363,2362,2360,-1
2364,2363,2361,-1
2365,2364,2362,-1
2366,2365,2363,-1
2367,2366,2364,-1
2368,2367,2365,-1
2369,2368,2366,-1
2370,2369,2367,-1
2371,2370,2368,-1
2372,2371,2369,-1
2373,2372,2370,-1
2374,2373,2371,-1
2375,2374,2372,-1
2376,2375,2373,-1
2377,2376,2374,-1
2378,2377,2375,-1
2379,2378,2376,-1
2380,2379,2377,-1
2381,2380,2378,-1
2382,2381,2379,-1
2383,2382,2380,-1
2384,2383,2381,-1
2385,2384,2382,-1
2386,2385,2383,-1
2387,2386,2384,-1
2388,2387,2385,-1
2389,2388,2386,-1
2390,2389,2387,-1
2391,2390,2388,-1
2392,2391,2389,-1
2393,2392,2390,-1
2394,2393,2391,-1
2395,2394,2392,-1
2396,2395,2393,-1
2397,2396,2394,-1
2398,2397,2395,-1
2399,2398,2396,-1
2400,2399,2397,-1
2401,2400,2398,-1
2402,2401,2399,-1
2403,2402,2400,-1
2404,2403,2401,-1
2405,2404,2402,-1
2406,2405,2403,-1
2407,2406,2404,-1
2408,2407,2405,-1
2409,2408,2406,-1
2410,2409,2407,-1
2411,2410,2408,-1
2412,2411,2409,-1
2413,2412,2410,-1
2414,2413,2411,-1
2415,2414,2412,-1
2416,2415,2413,-1
2417,2416,2414,-1
2418,2417,2415,-1
2419,2418,2416,-1
2420,2419,2417,-1
2421,2420,2418,-1
2422,2421,2419,-1
2423,2422,2420,-1
2424,2423,2421,-1
2425,2424,2422,-1
2426,2425,2423,-1
2427,2426,2424,-1
2428,2427,2425,-1
2429,2428,2426,-1
2430,2429,2427,-1
2431,2430,2428,-1
2432,2431,2429,-1
2433,2432,2430,-1
2434,2433,2431,-1
2435,2434,2432,-1
2436,2435,2433,-1
2437,2436,2434,-1
2438,2437,2435,-1
2439,2438,2436,-1
2440,2439,2437,-1
2441,2440,2438,-1
2442,2441,2439,-1
2443,2442,2440,-1
2444,2443,2441,-1
2445,2444,2442,-1
2446,2445,2443,-1
2447,2446,2444,-1
2448,2447,2445,-1
2449,2448,2446,-1
2450,2449,2447,-1
2451,2450,2448,-1
2452,2451,2449,-1
2453,2452,2450,-1
2454,2453,2451,-1
2455,2454,2452,-1
2456,2455,2453,-1
2457,2456,2454,-1
2458,2457,2455,-1
2459,2458,2456,-1
2460,2459,2457,-1
2461,2460,2458,-1
2462,2461,2459,-1
2463,2462,2460,-1
2464,2463,2461,-1
2465,2464,2462,-1
2466,2465,2463,-1
2467,2466,2464,-1
2468,2467,2465,-1
2469,2468,2466,-1
2470,2469,2467,-1
2471,2470,2468,-1
2472,2471,2469,-1
2473,2472,2470,-1
2474,2473,2471,-1
2475,2474,2472,-1
2476,2475,2473,-1
2477,2476,2474,-1
2478,2477,2475,-1
2479,2478,2476,-1
2480,2479,2477,-1
2481,2480,2478,-1
2482,2481,2479,-1
2483,2482,2480,-1
2484,2483,2481,-1
2485,2484,2482,-1
2486,2485,2483,-1
2487,2486,2484,-1
2488,2487,2485,-1
2489,2488,2486,-1
2490,2489,2487,-1
2491,2490,2488,-1
2492,2491,2489,-1
2493,2492,2490,-1
2494,2493,2491,-1
2495,2494,2492,-1
2496,2495,2493,-1
2497,2496,2494,-1
2498,2497,2495,-1
2499,2498,2496,-1
2500,2499,2497,-1
2501,2500,2498,-1
2502,2501,2499,-1
2503,2502,2500,-1
2504,2503,2501,-1
2505,2504,2502,-1
2506,2505,2503,-1
2507,2506,2504,-1
2508,2507,2505,-1
2509,2508,2506,-1
2510,2509,2507,-1
2511,2510,2508,-1
2512,2511,2509,-1
2513,2512,2510,-1
2514,2513,2511,-1
2515,2514,2512,-1
2516,2515,2513,-1
2517,2516,2514,-1
2518,2517,2515,-1
2519,2518,2516,-1
2520,2519,2517,-1
2521,2520,2518,-1
2522,2521,2519,-1
2523,2522,2520,-1
2524,2523,2521,-1
2525,2524,2522,-1
2526,2525,2523,-1
2527,2526,2524,-1
2528,2527,2525,-1
2529,2528,2526,-1
2530,2529,2527,-1
2531,2530,2528,-1
2532,2531,2529,-1
2533,2532,2530,-1
2534,2533,2531,-1
2535,2534,2532,-1
2536,2535,2533,-1
2537,2536,2534,-1
2538,2537,2535,-1
2539,2538,2536,-1
2540,2539,2537,-1
2541,2540,2538,-1
2542,2541,2539,-1
2543,2542,2540,-1
2544,2543,2541,-1
2545,2544,2542,-1
2546,2545,2543,-1
2547,2546,2544,-1
2548,2547,2545,-1
2549,2548,2546,-1
2550,2549,2547,-1
2551,2550,2548,-1
2552,2551,2549,-1
2553,2552,2550,-1
2554,2553,2551,-1
2555,2554,2552,-1
2556,2555,2553,-1
2557,2556,2554,-1
2558,2557,2555,-1
2559,2558,2556,-1
2560,2559,2557,-1
2561,2560,2558,-1
2562,2561,2559,-1
2563,2562,2560,-1
2564,2563,2561,-1
2565,2564,2562,-1
2566,2565,2563,-1
2567,2566,2564,-1
2568,2567,2565,-1
2569,2568,2566,-1
2570,2569,2567,-1
2571,2570,2568,-1
2572,2571,2569,-1
2573,2572,2570,-1
2574,2573,2571,-1
2575,2574,2572,-1
2576,2575,2573,-1
2577,2576,2574,-1
2578,2577,2575,-1
2579,2578,2576,-1
2580,2579,2577,-1
2581,2580,2578,-1
2582,2581,2579,-1
2583,2582,2580,-1
2584,2583,2581,-1
2585,2584,2582,-1
2586,2585,2583,-1
2587,2586,2584,-1
2588,2587,2585,-1
2589,2588,2586,-1
2590,2589,2587,-1
2591,2590,2588,-1
2592,2591,2589,-1
2593,2592,2590,-1
2594,2593,2591,-1
2595,2594,2592,-1
2596,2595,2593,-1
2597,2596,2594,-1
2598,2597,2595,-1
2599,2598,2596,-1
2600,2599,2597,-1
2601,2600,2598,-1
2602,2601,2599,-1
2603,2602,2600,-1
2604,2603,2601,-1
2605,2604,2602,-1
2606,2605,2603,-1
2607,2606,2604,-1
2608,2607,2605,-1
2609,2608,2606,-1
2610,2609,2607,-1
2611,2610,2608,-1
2612,2611,2609,-1
2613,2612,2610,-1
2614,2613,2611,-1
2615,2614,2612,-1
2616,2615,2613,-1
2617,2616,2614,-1
2618,2617,2615,-1
2619,2618,2616,-1
2620,2619,2617,-1
2621,2620,2618,-1
2622,2621,2619,-1
2623,2622,2620,-1
2624,2623,2621,-1
2625,2624,2622,-1
2626,2625,2623,-1
2627,2626,2624,-1
2628,2627,2625,-1
2629,2628,2626,-1
2630,2629,2627,-1
2631,2630,2628,-1
2632,2631,2629,-1
2633,2632,2630,-1
2634,2633,2631,-1
2635,2634,2632,-1
2636,2635,2633,-1
2637,2636,2634,-1
2638,2637,2635,-1
2639,2638,2636,-1
2640,2639,2637,-1
2641,2640,2638,-1
2642,2641,2639,-1
2643,2642,2640,-1
2644,2643,2641,-1
2645,2644,2642,-1
2646,2645,2643,-1
2647,2646,2644,-1
2648,2647,2645,-1
2649,2648,2646,-1
2650,2649,2647,-1
2651,2650,2648,-1
2652,2651,2649,-1
2653,2652,2650,-1
2654,2653,2651,-1
2655,2654,2652,-1
2656,2655,2653,-1
2657,2656,2654,-1
2658,2657,2655,-1
2659,2658,2656,-1
2660,2659,2657,-1
2661,2660,2658,-1
2662,2661,2659,-1
2663,2662,2660,-1
2664,2663,2661,-1
2665,2664,2662,-1
2666,2665,2663,-1
2667,2666,2664,-1
2668,2667,2665,-1
2669,2668,2666,-1
2670,2669,2667,-1
2671,2670,2668,-1
2672,2671,2669,-1
2673,2672,2670,-1
2674,2673,2671,-1
2675,2674,2672,-1
2676,2675,2673,-1
2677,2676,2674,-1
2678,2677,2675,-1
2679,2678,2676,-1
2680,2679,2677,-1
2681,2680,2678,-1
2682,2681,2679,-1
2683,2682,2680,-1
2684,2683,2681,-1
2685,2684,2682,-1
2686,2685,2683,-1
2687,2686,2684,-1
2688,2687,2685,-1
2689,2688,2686,-1
2690,2689,2687,-1
2691,2690,2688,-1
2692,2691,2689,-1
2693,2692,2690,-1
2694,2693,2691,-1
2695,2694,2692,-1
2696,2695,2693,-1
2697,2696,2694,-1
2698,2697,2695,-1
2699,2698,2696,-1
2700,2699,2697,-1
2701,2700,2698,-1
2702,2701,2699,-1
2703,2702,2700,-1
2704,2703,2701,-1
2705,2704,2702,-1
2706,2705,2703,-1
2707,2706,2704,-1
2708,2707,2705,-1
2709,2708,2706,-1
2710,2709,2707,-1
2711,2710,2708,-1
2712,2711,2709,-1
2713,2712,2710,-1
2714,2713,2711,-1
2715,2714,2712,-1
2716,2715,2713,-1
2717,2716,2714,-1
2718,2717,2715,-1
2719,2718,2716,-1
2720,2719,2717,-1
2721,2720,2718,-1
2722,2721,2719,-1
2723,2722,2720,-1
2724,2723,2721,-1
2725,2724,2722,-1
2726,2725,2723,-1
2727,2726,2724,-1
2728,2727,2725,-1
2729,2728,2726,-1
2730,2729,2727,-1
2731,2730,2728,-1
2732,2731,2729,-1
2733,2732,2730,-1
2734,2733,2731,-1
2735,2734,2732,-1
2736,2735,2733,-1
2737,2736,2734,-1
2738,2737,2735,-1
2739,2738,2736,-1
2740,2739,2737,-1
2741,2740,2738,-1
2742,2741,2739,-1
2743,2742,2740,-1
2744,2743,2741,-1
2745,2744,2742,-1
2746,2745,2743,-1
2747,2746,2744,-1
2748,2747,2745,-1
2749,2748,2746,-1
2750,2749,2747,-1
2751,2750,2748,-1
2752,2751,2749,-1
2753,2752,2750,-1
2754,2753,2751,-1
2755,2754,2752,-1
2756,2755,2753,-1
2757,2756,2754,-1
2758,2757,2755,-1
2759,2758,2756,-1
2760,2759,2757,-1
2761,2760,2758,-1
2762,2761,2759,-1
2763,2762,2760,-1
2764,2763,2761,-1
2765,2764,2762,-1
2766,2765,2763,-1
2767,2766,2764,-1
2768,2767,2765,-1
2769,2768,2766,-1
2770,2769,2767,-1
2771,2770,2768,-1
2772,2771,2769,-1
2773,2772,2770,-1
2774,2773,2771,-1
2775,2774,2772,-1
2776,2775,2773,-1
2777,2776,2774,-1
2778,2777,2775,-1
2779,2778,2776,-1
2780,2779,2777,-1
2781,2780,2778,-1
2782,2781,2779,-1
2783,2782,2780,-1
2784,2783,2781,-1
2785,2784,2782,-1
2786,2785,2783,-1
2787,2786,2784,-1
2788,2787,2785,-1
2789,2788,2786,-1
2790,2789,2787,-1
2791,2790,2788,-1
2792,2791,2789,-1
2793,2792,2790,-1
2794,2793,2791,-1
2795,2794,2792,-1
2796,2795,2793,-1
2797,2796,2794,-1
2798,2797,2795,-1
2799,2798,2796,-1
2800,2799,2797,-1
2801,2800,2798,-1
2802,2801,2799,-1
2803,2802,2800,-1
2804,2803,2801,-1
2805,2804,2802,-1
2806,2805,2803,-1
2807,2806,2804,-1
2808,2807,2805,-1
2809,2808,2806,-1
2810,2809,2807,-1
2811,2810,2808,-1
2812,2811,2809,-1
2813,2812,2810,-1
2814,2813,2811,-1
2815,2814,2812,-1
2816,2815,2813,-1
2817,2816,2814,-1
2818,2817,2815,-1
2819,2818,2816,-1
2820,2819,2817,-1
2821,2820,2818,-1
2822,2821,2819,-1
2823,2822,2820,-1
2824,2823,2821,-1
2825,2824,2822,-1
2826,2825,2823,-1
2827,2826,2824,-1
2828,2827,2825,-1
2829,2828,2826,-1
2830,2829,2827,-1
2831,2830,2828,-1
2832,2831,2829,-1
2833,2832,2830,-1
2834,2833,2831,-1
2835,2834,2832,-1
2836,2835,2833,-1
2837,2836,2834,-1
2838,2837,2835,-1
2839,2838,2836,-1
2840,2839,2837,-1
2841,2840,2838,-1
2842,2841,2839,-1
2843,2842,2840,-1
2844,2843,2841,-1
2845,2844,2842,-1
2846,2845,2843,-1
2847,2846,2844,-1
2848,2847,2845,-1
2849,2848,2846,-1
2850,2849,2847,-1
2851,2850,2848,-1
2852,2851,2849,-1
2853,2852,2850,-1
2854,2853,2851,-1
2855,2854,2852,-1
2856,2855,2853,-1
2857,2856,2854,-1
2858,2857,2855,-1
2859,2858,2856,-1
2860,2859,2857,-1
2861,2860,2858,-1
2862,2861,2859,-1
2863,2862,2860,-1
2864,2863,2861,-1
2865,2864,2862,-1
2866,2865,2863,-1
2867,2866,2864,-1
2868,2867,2865,-1
2869,2868,2866,-1
2870,2869,2867,-1
2871,2870,2868,-1
2872,2871,2869,-1
2873,2872,2870,-1
2874,2873,2871,-1
2875,2874,2872,-1
2876,2875,2873,-1
2877,2876,2874,-1
2878,2877,2875,-1
2879,2878,2876,-1
2880,2879,2877,-1
2881,2880,2878,-1
2882,2881,2879,-1
2883,2882,2880,-1
2884,2883,2881,-1
2885,2884,2882,-1
2886,2885,2883,-1
2887,2886,2884,-1
2888,2887,2885,-1
2889,2888,2886,-1
2890,2889,2887,-1
2891,2890,2888,-1
2892,2891,2889,-1
2893,2892,2890,-1
2894,2893,2891,-1
2895,2894,2892,-1
2896,2895,2893,-1
2897,2896,2894,-1
2898,2897,2895,-1
2899,2898,2896,-1
2900,2899,2897,-1
2901,2900,2898,-1
2902,2901,2899,-1
2903,2902,2900,-1
2904,2903,2901,-1
2905,2904,2902,-1
2906,2905,2903,-1
2907,2906,2904,-1
2908,2907,2905,-1
2909,2908,2906,-1
2910,2909,2907,-1
2911,2910,2908,-1
2912,2911,2909,-1
2913,2912,2910,-1
2914,2913,2911,-1
2915,2914,2912,-1
2916,2915,2913,-1
2917,2916,2914,-1
2918,2917,2915,-1
2919,2918,2916,-1
2920,2919,2917,-1
2921,2920,2918,-1
2922,2921,2919,-1
2923,2922,2920,-1
2924,2923,2921,-1
2925,2924,2922,-1
2926,2925,2923,-1
2927,2926,2924,-1
2928,2927,2925,-1
2929,2928,2926,-1
2930,2929,2927,-1
2931,2930,2928,-1
2932,2931,2929,-1
2933,2932,2930,-1
2934,2933,2931,-1
2935,2934,2932,-1
2936,2935,2933,-1
2937,2936,2934,-1
2938,2937,2935,-1
2939,2938,2936,-1
2940,2939,2937,-1
2941,2940,2938,-1
2942,2941,2939,-1
2943,2942,2940,-1
2944,2943,2941,-1
2945,2944,2942,-1
2946,2945,2943,-1
2947,2946,2944,-1
2948,2947,2945,-1
2949,2948,2946,-1
2950,2949,2947,-1
2951,2950,2948,-1
2952,2951,2949,-1
2953,2952,2950,-1
2954,2953,2951,-1
2955,2954,2952,-1
2956,2955,2953,-1
2957,2956,2954,-1
2958,2957,2955,-1
2959,2958,2956,-1
2960,2959,2957,-1
2961,2960,2958,-1
2962,2961,2959,-1
2963,2962,2960,-1
2964,2963,2961,-1
2965,2964,2962,-1
2966,2965,2963,-1
2967,2966,2964,-1
2968,2967,2965,-1
2969,2968,2966,-1
2970,2969,2967,-1
2971,2970,2968,-1
2972,2971,2969,-1
2973,2972,2970,-1
2974,2973,2971,-1
2975,2974,2972,-1
2976,2975,2973,-1
2977,2976,2974,-1
2978,2977,2975,-1
2979,2978,2976,-1
2980,2979,2977,-1
2981,2980,2978,-1
2982,2981,2979,-1
2983,2982,2980,-1
2984,2983,2981,-1
2985,2984,2982,-1
2986,2985,2983,-1
2987,2986,2984,-1
2988,2987,2985,-1
2989,2988,2986,-1
2990,2989,2987,-1
2991,2990,2988,-1
2992,2991,2989,-1
2993,2992,2990,-1
2994,2993,2991,-1
2995,2994,2992,-1
2996,2995,2993,-1
2997,2996,2994,-1
2998,2997,2995,-1
2999,2998,2996,-1
3000,2999,2997,-1
3001,3000,2998,-1
3002,3001,2999,-1
3003,3002,3000,-1
3004,3003,3001,-1
3005,3004,3002,-1
3006,3005,3003,-1
3007,3006,3004,-1
3008,3007,3005,-1
3009,3008,3006,-1
3010,3009,3007,-1
3011,3010,3008,-1
3012,3011,3009,-1
3013,3012,3010,-1
3014,3013,3011,-1
3015,3014,3012,-1
3016,3015,3013,-1
3017,3016,3014,-1
3018,3017,3015,-1
3019,3018,3016,-1
3020,3019,3017,-1
3021,3020,3018,-1
3022,3021,3019,-1
3023,3022,3020,-1
3024,3023,3021,-1
3025,3024,3022,-1
3026,3025,3023,-1
3027,3026,3024,-1
3028,3027,3025,-1
3029,3028,3026,-1
3030,3029,3027,-1
3031,3030,3028,-1
3032,3031,3029,-1
3033,3032,3030,-1
3034,3033,3031,-1
3035,3034,3032,-1
3036,3035,3033,-1
3037,3036,3034,-1
3038,3037,3035,-1
3039,3038,3036,-1
3040,3039,3037,-1
3041,3040,3038,-1
3042,3041,3039,-1
3043,3042,3040,-1
3044,3043,3041,-1
3045,3044,3042,-1
3046,3045,3043,-1
3047,3046,3044,-1
3048,3047,3045,-1
3049,3048,3046,-1
3050,3049,3047,-1
3051,3050,3048,-1
3052,3051,3049,-1
3053,3052,3050,-1
3054,3053,3051,-1
3055,3054,3052,-1
3056,3055,3053,-1
3057,3056,3054,-1
3058,3057,3055,-1
3059,3058,3056,-1
3060,3059,3057,-1
3061,3060,3058,-1
3062,3061,3059,-1
3063,3062,3060,-1
3064,3063,3061,-1
3065,3064,3062,-1
3066,3065,3063,-1
3067,3066,3064,-1
3068,3067,3065,-1
3069,3068,3066,-1
3070,3069,3067,-1
3071,3070,3068,-1
3072,3071,3069,-1
3073,3072,3070,-1
3074,3073,3071,-1
3075,3074,3072,-1
3076,3075,3073,-1
3077,3076,3074,-1
3078,3077,3075,-1
3079,3078,3076,-1
3080,3079,3077,-1
3081,3080,3078,-1
3082,3081,3079,-1
3083,3082,3080,-1
3084,3083,3081,-1
3085,3084,3082,-1
3086,3085,3083,-1
3087,3086,3084,-1
3088,3087,3085,-1
3089,3088,3086,-1
3090,3089,3087,-1
3091,3090,3088,-1
3092,3091,3089,-1
3093,3092,3090,-1
3094,3093,3091,-1
3095,3094,3092,-1
3096,3095,3093,-1
3097,3096,3094,-1
3098,3097,3095,-1
3099,3098,3096,-1
3100,3099,3097,-1
3101,3100,3098,-1
3102,3101,3099,-1
3103,3102,3100,-1
3104,3103,3101,-1
3105,3104,3102,-1
3106,3105,3103,-1
3107,3106,3104,-1
3108,3107,3105,-1
3109,3108,3106,-1
3110,3109,3107,-1
3111,3110,3108,-1
3112,3111,3109,-1
3113,3112,3110,-1
3114,3113,3111,-1
3115,3114,3112,-1
3116,3115,3113,-1
3117,3116,3114,-1
3118,3117,3115,-1
3119,3118,3116,-1
3120,3119,3117,-1
3121,3120,3118,-1
3122,3121,3119,-1
3123,3122,3120,-1
3124,3123,3121,-1
3125,3124,3122,-1
3126,3125,3123,-1
3127,3126,3124,-1
3128,3127,3125,-1
3129,3128,3126,-1
3130,3129,3127,-1
3131,3130,3128,-1
3132,3131,3129,-1
3133,3132,3130,-1
3134,3133,3131,-1
3135,3134,3132,-1
3136,3135,3133,-1
3137,3136,3134,-1
3138,3137,3135,-1
3139,3138,3136,-1
3140,3139,3137,-1
3141,3140,3138,-1
3142,3141,3139,-1
3143,3142,3140,-1
3144,3143,3141,-1
3145,3144,3142,-1
3146,3145,3143,-1
3147,3146,3144,-1
3148,3147,3145,-1
3149,3148,3146,-1
3150,3149,3147,-1
3151,3150,3148,-1
3152,3151,3149,-1
3153,3152,3150,-1
3154,3153,3151,-1
3155,3154,3152,-1
3156,3155,3153,-1
3157,3156,3154,-1
3158,3157,3155,-1
3159,3158,3156,-1
3160,3159,3157,-1
3161,3160,3158,-1
3162,3161,3159,-1
3163,3162,3160,-1
3164,3163,3161,-1
3165,3164,3162,-1
3166,3165,3163,-1
3167,3166,3164,-1
3168,3167,3165,-1
3169,3168,3166,-1
3170,3169,3167,-1
3171,3170,3168,-1
3172,3171,3169,-1
3173,3172,3170,-1
3174,3173,3171,-1
3175,3174,3172,-1
3176,3175,3173,-1
3177,3176,3174,-1
3178,3177,3175,-1
3179,3178,3176,-1
3180,3179,3177,-1
3181,3180,3178,-1
3182,3181,3179,-1
3183,3182,3180,-1
3184,3183,3181,-1
3185,3184,3182,-1
3186,3185,3183,-1
3187,3186,3184,-1
3188,3187,3185,-1
3189,3188,3186,-1
3190,3189,3187,-1
3191,3190,3188,-1
3192,3191,3189,-1
3193,3192,3190,-1
3194,3193,3191,-1
3195,3194,3192,-1
3196,3195,3193,-1
3197,3196,3194,-1
3198,3197,3195,-1
3199,3198,3196,-1
3200,3199,3197,-1
3201,3200,3198,-1
3202,3201,3199,-1
3203,3202,3200,-1
3204,3203,3201,-1
3205,3204,3202,-1
3206,3205,3203,-1
3207,3206,3204,-1
3208,3207,3205,-1
3209,3208,3206,-1
3210,3209,3207,-1
3211,3210,3208,-1
3212,3211,3209,-1
3213,3212,3210,-1
3214,3213,3211,-1
3215,3214,3212,-1
3216,3215,3213,-1
3217,3216,3214,-1
3218,3217,3215,-1
3219,3218,3216,-1
3220,3219,3217,-1
3221,3220,3218,-1
3222,3221,3219,-1
3223,3222,3220,-1
3224,3223,3221,-1
3225,3224,3222,-1
3226,3225,3223,-1
3227,3226,3224,-1
3228,3227,3225,-1
3229,3228,3226,-1
3230,3229,3227,-1
3231,3230,3228,-1
3232,3231,3229,-1
3233,3232,3230,-1
3234,3233,3231,-1
3235,3234,3232,-1
3236,3235,3233,-1
3237,3236,3234,-1
3238,3237,3235,-1
3239,3238,3236,-1
3240,3239,3237,-1
3241,3240,3238,-1
3242,3241,3239,-1
3243,3242,3240,-1
3244,3243,3241,-1
3245,3244,3242,-1
3246,3245,3243,-1
3247,3246,3244,-1
3248,3247,3245,-1
3249,3248,3246,-1
3250,3249,3247,-1
3251,3250,3248,-1
3252,3251,3249,-1
3253,3252,3250,-1
3254,3253,3251,-1
3255,3254,3252,-1
3256,3255,3253,-1
3257,3256,3254,-1
3258,3257,3255,-1
3259,3258,3256,-1
3260,3259,3257,-1
3261,3260,3258,-1
3262,3261,3259,-1
3263,3262,3260,-1
3264,3263,3261,-1
3265,3264,3262,-1
3266,3265,3263,-1
3267,3266,3264,-1
3268,3267,3265,-1
3269,3268,3266,-1
3270,3269,3267,-1
3271,3270,3268,-1
3272,3271,3269,-1
3273,3272,3270,-1
3274,3273,3271,-1
3275,3274,3272,-1
3276,3275,3273,-1
3277,3276,3274,-1
3278,3277,3275,-1
3279,3278,3276,-1
3280,3279,3277,-1
3281,3280,3278,-1
3282,3281,3279,-1
3283,3282,3280,-1
3284,3283,3281,-1
3285,3284,3282,-1
3286,3285,3283,-1
3287,3286,3284,-1
3288,3287,3285,-1
3289,3288,3286,-1
3290,3289,3287,-1
3291,3290,3288,-1
3292,3291,3289,-1
3293,3292,3290,-1
3294,3293,3291,-1
3295,3294,3292,-1
3296,3295,3293,-1
3297,3296,3294,-1
3298,3297,3295,-1
3299,3298,3296,-1
3300,3299,3297,-1
3301,3300,3298,-1
3302,3301,3299,-1
3303,3302,3300,-1
3304,3303,3301,-1
3305,3304,3302,-1
3306,3305,3303,-1
3307,3306,3304,-1
3308,3307,3305,-1
3309,3308,3306,-1
3310,3309,3307,-1
3311,3310,3308,-1
3312,3311,3309,-1
3313,3312,3310,-1
3314,3313,3311,-1
3315,3314,3312,-1
3316,3315,3313,-1
3317,3316,3314,-1
3318,3317,3315,-1
3319,3318,3316,-1
3320,3319,3317,-1
3321,3320,3318,-1
3322,3321,3319,-1
3323,3322,3320,-1
3324,3323,3321,-1
3325,3324,3322,-1
3326,3325,3323,-1
3327,3326,3324,-1
3328,3327,3325,-1
3329,3328,3326,-1
3330,3329,3327,-1
3331,3330,3328,-1
3332,3331,3329,-1
3333,3332,3330,-1
3334,3333,3331,-1
3335,3334,3332,-1
3336,3335,3333,-1
3337,3336,3334,-1
3338,3337,3335,-1
3339,3338,3336,-1
3340,3339,3337,-1
3341,3340,3338,-1
3342,3341,3339,-1
3343,3342,3340,-1
3344,3343,3341,-1
3345,3344,3342,-1
3346,3345,3343,-1
3347,3346,3344,-1
3348,3347,3345,-1
3349,3348,3346,-1
3350,3349,3347,-1
3351,3350,3348,-1
3352,3351,3349,-1
3353,3352,3350,-1
3354,3353,3351,-1
3355,3354,3352,-1
3356,3355,3353,-1
3357,3356,3354,-1
3358,3357,3355,-1
3359,3358,3356,-1
3360,3359,3357,-1
3361,3360,3358,-1
3362,3361,3359,-1
3363,3362,3360,-1
3364,3363,3361,-1
3365,3364,3362,-1
3366,3365,3363,-1
3367,3366,3364,-1
3368,3367,3365,-1
3369,3368,3366,-1
3370,3369,3367,-1
3371,3370,3368,-1
3372,3371,3369,-1
3373,3372,3370,-1
3374,3373,3371,-1
3375,3374,3372,-1
3376,3375,3373,-1
3377,3376,3374,-1
3378,3377,3375,-1
3379,3378,3376,-1
3380,3379,3377,-1
3381,3380,3378,-1
3382,3381,3379,-1
3383,3382,3380,-1
3384,3383,3381,-1
3385,3384,3382,-1
3386,3385,3383,-1
3387,3386,3384,-1
3388,3387,3385,-1
3389,3388,3386,-1
3390,3389,3387,-1
3391,3390,3388,-1
3392,3391,3389,-1
3393,3392,3390,-1
3394,3393,3391,-1
3395,3394,3392,-1
3396,3395,3393,-1
3397,3396,3394,-1
3398,3397,3395,-1
3399,3398,3396,-1
3400,3399,3397,-1
3401,3400,3398,-1
3402,3401,3399,-1
3403,3402,3400,-1
3404,3403,3401,-1
3405,3404,3402,-1
3406,3405,3403,-1
3407,3406,3404,-1
3408,3407,3405,-1
3409,3408,3406,-1
3410,3409,3407,-1
3411,3410,3408,-1
3412,3411,3409,-1
3413,3412,3410,-1
3414,3413,3411,-1
3415,3414,3412,-1
3416,3415,3413,-1
3417,3416,3414,-1
3418,3417,3415,-1
3419,3418,3416,-1
3420,3419,3417,-1
3421,3420,3418,-1
3422,3421,3419,-1
3423,3422,3420,-1
3424,3423,3421,-1
3425,3424,3422,-1
3426,3425,3423,-1
3427,3426,3424,-1
3428,3427,3425,-1
3429,3428,3426,-1
3430,3429,3427,-1
3431,3430,3428,-1
3432,3431,3429,-1
3433,3432,3430,-1
3434,3433,3431,-1
3435,3434,3432,-1
3436,3435,3433,-1
3437,3436,3434,-1
3438,3437,3435,-1
3439,3438,3436,-1
3440,3439,3437,-1
3441,3440,3438,-1
3442,3441,3439,-1
3443,3442,3440,-1
3444,3443,3441,-1
3445,3444,3442,-1
3446,3445,3443,-1
3447,3446,3444,-1
3448,3447,3445,-1
3449,3448,3446,-1
3450,3449,3447,-1
3451,3450,3448,-1
3452,3451,3449,-1
3453,3452,3450,-1
3454,3453,3451,-1
3455,3454,3452,-1
3456,3455,3453,-1
3457,3456,3454,-1
3458,3457,3455,-1
3459,3458,3456,-1
3460,3459,3457,-1
3461,3460,3458,-1
3462,3461,3459,-1
3463,3462,3460,-1
3464,3463,3461,-1
3465,3464,3462,-1
3466,3465,3463,-1
3467,3466,3464,-1
3468,3467,3465,-1
3469,3468,3466,-1
3470,3469,3467,-1
3471,3470,3468,-1
3472,3471,3469,-1
3473,3472,3470,-1
3474,3473,3471,-1
3475,3474,3472,-1
3476,3475,3473,-1
3477,3476,3474,-1
3478,3477,3475,-1
3479,3478,3476,-1
3480,3479,3477,-1
3481,3480,3478,-1
3482,3481,3479,-1
3483,3482,3480,-1
3484,3483,3481,-1
3485,3484,3482,-1
3486,3485,3483,-1
3487,3486,3484,-1
3488,3487,3485,-1
3489,3488,3486,-1
3490,3489,3487,-1
3491,3490,3488,-1
3492,3491,3489,-1
3493,3492,3490,-1
3494,3493,3491,-1
3495,3494,3492,-1
3496,3495,3493,-1
3497,3496,3494,-1
3498,3497,3495,-1
3499,3498,3496,-1
3500,3499,3497,-1
3501,3500,3498,-1
3502,3501,3499,-1
3503,3502,3500,-1
3504,3503,3501,-1
3505,3504,3502,-1
3506,3505,3503,-1
3507,3506,3504,-1
3508,3507,3505,-1
3509,3508,3506,-1
3510,3509,3507,-1
3511,3510,3508,-1
3512,3511,3509,-1
3513,3512,3510,-1
3514,3513,3511,-1
3515,3514,3512,-1
3516,3515,3513,-1
3517,3516,3514,-1
3518,3517,3515,-1
3519,3518,3516,-1
3520,3519,3517,-1
3521,3520,3518,-1
3522,3521,3519,-1
3523,3522,3520,-1
3524,3523,3521,-1
3525,3524,3522,-1
3526,3525,3523,-1
3527,3526,3524,-1
3528,3527,3525,-1
3529,3528,3526,-1
3530,3529,3527,-1
3531,3530,3528,-1
3532,3531,3529,-1
3533,3532,3530,-1
3534,3533,3531,-1
3535,3534,3532,-1
3536,3535,3533,-1
3537,3536,3534,-1
3538,3537,3535,-1
3539,3538,3536,-1
3540,3539,3537,-1
3541,3540,3538,-1
3542,3541,3539,-1
3543,3542,3540,-1
3544,3543,3541,-1
3545,3544,3542,-1
3546,3545,3543,-1
3547,3546,3544,-1
3548,3547,3545,-1
3549,3548,3546,-1
3550,3549,3547,-1
3551,3550,3548,-1
3552,3551,3549,-1
3553,3552,3550,-1
3554,3553,3551,-1
3555,3554,3552,-1
3556,3555,3553,-1
3557,3556,3554,-1
3558,3557,3555,-1
3559,3558,3556,-1
3560,3559,3557,-1
3561,3560,3558,-1
3562,3561,3559,-1
3563,3562,3560,-1
3564,3563,3561,-1
3565,3564,3562,-1
3566,3565,3563,-1
3567,3566,3564,-1
3568,3567,3565,-1
3569,3568,3566,-1
3570,3569,3567,-1
3571,3570,3568,-1
3572,3571,3569,-1
3573,3572,3570,-1
3574,3573,3571,-1
3575,3574,3572,-1
3576,3575,3573,-1
3577,3576,3574,-1
3578,3577,3574,-1
3579,3578,3575,-1
3580,3579,3576,-1
3581,3580,3577,-1
3582,3581,3578,-1
3583,3582,3579,-1
3584,3583,3580,-1
3585,3584,3581,-1
3586,3585,3582,-1
3587,3586,3583,-1
3588,3587,3584,-1
3589,3588,3585,-1
3590,3589,3586,-1
3591,3590,3587,-1
3592,3591,3588,-1
3593,3592,3589,-1
3594,3593,3590,-1
3595,3594,3591,-1
3596,3595,3592,-1
3597,3596,3593,-1
3598,3597,3594,-1
3599,3598,3595,-1
3600,3599,3596,-1
3601,3600,3597,-1
3602,3601,3598,-1
3603,3602,3599,-1
3604,3603,3600,-1
3605,3604,3601,-1
3606,3605,3602,-1
3607,3606,3603,-1
3608,3607,3604,-1
3609,3608,3605,-1
3610,3609,3606,-1
3611,3610,3607,-1
3612,3611,3608,-1
3613,3612,3609,-1
3614,3613,3610,-1
3615,3614,3611,-1
3616,3615,3612,-1
3617,3616,3613,-1
3618,3617,3614,-1
3619,3618,3615,-1
3620,3619,3616,-1
3621,3620,3617,-1
3622,3621,3618,-1
3623,3622,3619,-1
3624,3623,3620,-1
3625,3624,3621,-1
3626,3625,3622,-1
3627,3626,3623,-1
3628,3627,3624,-1
3629,3628,3625,-1
3630,3629,3626,-1
3631,3630,3627,-1
3632,3631,3628,-1
3633,3632,3629,-1
3634,3633,3630,-1
3635,3634,3631,-1
3636,3635,3632,-1
3637,3636,3633,-1
3638,3637,3634,-1
3639,3638,3635,-1
3640,3639,3636,-1
3641,3640,3637,-1
3642,3641,3638,-1
3643,3642,3639,-1
3644,3643,3640,-1
3645,3644,3641,-1
3646,3645,3642,-1
3647,3646,3643,-1
3648,3647,3644,-1
3649,3648,3645,-1
3650,3649,3646,-1
3651,3650,3647,-1
3652,3651,3648,-1
3653,3652,3649,-1
3654,3653,3650,-1
3655,3654,3651,-1
3656,3655,3652,-1
3657,3656,3653,-1
3658,3657,3654,-1
3659,3658,3655,-1
3660,3659,3656,-1
3661,3660,3657,-1
3662,3661,3658,-1
3663,3662,3659,-1
3664,3663,3660,-1
3665,3664,3661,-1
3666,3665,3662,-1
3667,3666,3663,-1
3668,3667,3664,-1
3669,3668,3665,-1
3670,3669,3666,-1
3671,3670,3667,-1
3672,3671,3668,-1
3673,3672,3669,-1
3674,3673,3670,-1
3675,3674,3671,-1
3676,3675,3672,-1
3677,3676,3673,-1
3678,3677,3674,-1
3679,3678,3675,-1
3680,3679,3676,-1
3681,3680,3677,-1
3682,3681,3678,-1
3683,3682,3679,-1
3684,3683,3680,-1
3685,3684,3681,-1
3686,3685,3682,-1
3687,3686,3683,-1
3688,3687,3684,-1
3689,3688,3685,-1
3690,3689,3686,-1
3691,3690,3687,-1
3692,3691,3688,-1
3693,3692,3689,-1
3694,3693,3690,-1
3695,3694,3691,-1
3696,3695,3692,-1
3697,3696,3693,-1
3698,3697,3694,-1
3699,3698,3695,-1
3700,3699,3696,-1
3701,3700,3697,-1
3702,3701,3698,-1
3703,3702,3699,-1
3704,3703,3700,-1
3705,3704,3701,-1
3706,3705,3702,-1
3707,3706,3703,-1
3708,3707,3704,-1
3709,3708,3705,-1
3710,3709,3706,-1
3711,3710,3707,-1
3712,3711,3708,-1
3713,3712,3709,-1
3714,3713,3710,-1
3715,3714,3711,-1
3716,3715,3712,-1
3717,3716,3713,-1
3718,3717,3714,-1
3719,3718,3715,-1
3720,3719,3716,-1
3721,3720,3717,-1
3722,3721,3718,-1
3723,3722,3719,-1
3724,3723,3720,-1
3725,3724,3721,-1
3726,3725,3722,-1
3727,3726,3723,-1
3728,3727,3724,-1
3729,3728,3725,-1
3730,3729,3726,-1
3731,3730,3727,-1
3732,3731,3728,-1
3733,3732,3729,-1
3734,3733,3730,-1
3735,3734,3731,-1
3736,3735,3732,-1
3737,3736,3733,-1
3738,3737,3734,-1
3739,3738,3735,-1
3740,3739,3736,-1
3741,3740,3737,-1
3742,3741,3738,-1
3743,3742,3739,-1
3744,3743,3740,-1
3745,3744,3741,-1
3746,3745,3742,-1
3747,3746,3743,-1
3748,3747,3744,-1
3749,3748,3745,-1
3750,3749,3746,-1
3751,3750,3747,-1
3752,3751,3748,-1
3753,3752,3749,-1
3754,3753,3750,-1
3755,3754,3751,-1
3756,3755,3752,-1
3757,3756,3753,-1
3758,3757,3754,-1
3759,3758,3755,-1
3760,3759,3756,-1
3761,3760,3757,-1
3762,3761,3758,-1
3763,3762,3759,-1
3764,3763,3760,-1
3765,3764,3761,-1
3766,3765,3762,-1
3767,3766,3763,-1
3768,3767,3764,-1
3769,3768,3765,-1
3770,3769,3766,-1
3771,3770,3767,-1
3772,3771,3768,-1
3773,3772,3769,-1
3774,3773,3770,-1
3775,3774,3771,-1
3776,3775,3772,-1
3777,3776,3773,-1
3778,3777,3774,-1
3779,3778,3775,-1
3780,3779,3776,-1
3781,3780,3777,-1
3782,3781,3778,-1
3783,3782,3779,-1
3784,3783,3780,-1
3785,3784,3781,-1
3786,3785,3782,-1
3787,3786,3783,-1
3788,3787,3784,-1
3789,3788,3785,-1
3790,3789,3786,-1
3791,3790,3787,-1
3792,3791,3788,-1
3793,3792,3789,-1
3794,3793,3790,-1
3795,3794,3791,-1
3796,3795,3792,-1
3797,3796,3793,-1
3798,3797,3794,-1
3799,3798,3795,-1
3800,3799,3796,-1
3801,3800,3797,-1
3802,3801,3798,-1
3803,3802,3799,-1
3804,3803,3800,-1
3805,3804,3801,-1
3806,3805,3802,-1
3807,3806,3803,-1
3808,3807,3804,-1
3809,3808,3805,-1
3810,3809,3806,-1
3811,3810,3807,-1
3812,3811,3808,-1
3813,3812,3809,-1
3814,3813,3810,-1
3815,3814,3811,-1
3816,3815,3812,-1
3817,3816,3813,-1
3818,3817,3814,-1
3819,3818,3815,-1
3820,3819,3816,-1
3821,3820,3817,-1
3822,3821,3818,-1
3823,3822,3819,-1
3824,3823,3820,-1
3825,3824,3821,-1
3826,3825,3822,-1
3827,3826,3823,-1
3828,3827,3824,-1
3829,3828,3825,-1
3830,3829,3826,-1
3831,3830,3827,-1
3832,3831,3828,-1
3833,3832,3829,-1
3834,3833,3830,-1
3835,3834,3831,-1
3836,3835,3832,-1
3837,3836,3833,-1
3838,3837,3834,-1
3839,3838,3835,-1
3840,3839,3836,-1
3841,3840,3837,-1
3842,3841,3838,-1
3843,3842,3839,-1
3844,3843,3840,-1
3845,3844,3841,-1
3846,3845,3842,-1
3847,3846,3843,-1
3848,3847,3844,-1
3849,3848,3845,-1
3850,3849,3846,-1
3851,3850,3847,-1
3852,3851,3848,-1
3853,3852,3849,-1
3854,3853,3850,-1
3855,3854,3851,-1
3856,3855,3852,-1
3857,3856,3853,-1
3858,3857,3854,-1
3859,3858,3855,-1
3860,3859,3856,-1
3861,3860,3857,-1
3862,3861,3858,-1
3863,3862,3859,-1
3864,3863,3860,-1
3865,3864,3861,-1
3866,3865,3862,-1
3867,3866,3863,-1
3868,3867,3864,-1
3869,3868,3865,-1
3870,3869,3866,-1
3871,3870,3867,-1
3872,3871,3868,-1
3873,3872,3869,-1
3874,3873,3870,-1
3875,3874,3871,-1
3876,3875,3872,-1
3877,3876,3873,-1
3878,3877,3874,-1
3879,3878,3875,-1
3880,3879,3876,-1
3881,3880,3877,-1
3882,3881,3878,-1
3883,3882,3879,-1
3884,3883,3880,-1
3885,3884,3881,-1
3886,3885,3882,-1
3887,3886,3883,-1
3888,3887,3884,-1
3889,3888,3885,-1
3890,3889,3886,-1
3891,3890,3887,-1
3892,3891,3888,-1
3893,3892,3889,-1
3894,3893,3890,-1
3895,3894,3891,-1
3896,3895,3892,-1
3897,3896,3893,-1
3898,3897,3894,-1
3899,3898,3895,-1
3900,3899,3896,-1
3901,3900,3897,-1
3902,3901,3898,-1
3903,3902,3899,-1
3904,3903,3900,-1
3905,3904,3901,-1
3906,3905,3902,-1
3907,3906,3903,-1
3908,3907,3904,-1
3909,3908,3905,-1
3910,3909,3906,-1
3911,3910,3907,-1
3912,3911,3908,-1
3913,3912,3909,-1
3914,3913,3910,-1
3915,3914,3911,-1
3916,3915,3912,-1
3917,3916,3913,-1
3918,3917,3914,-1
3919,3918,3915,-1
3920,3919,3916,-1
3921,3920,3917,-1
3922,3921,3918,-1
3923,3922,3919,-1
3924,3923,3920,-1
3925,3924,3921,-1
3926,3925,3922,-1
3927,3926,3923,-1
3928,3927,3924,-1
3929,3928,3925,-1
3930,3929,3926,-1
3931,3930,3927,-1
3932,3931,3928,-1
3933,3932,3929,-1
3934,3933,3930,-1
3935,3934,3931,-1
3936,3935,3932,-1
3937,3936,3933,-1
3938,3937,3934,-1
3939,3938,3935,-1
3940,3939,3936,-1
3941,3940,3937,-1
3942,3941,3938,-1
3943,3942,3939,-1
3944,3943,3940,-1
3945,3944,3941,-1
3946,3945,3942,-1
3947,3946,3943,-1
3948,3947,3944,-1
3949,3948,3945,-1
3950,3949,3946,-1
3951,3950,3947,-1
3952,3951,3948,-1
3953,3952,3949,-1
3954,3953,3950,-1
3955,3954,3951,-1
3956,3955,3952,-1
3957,3956,3953,-1
3958,3957,3954,-1
3959,3958,3955,-1
3960,3959,3956,-1
3961,3960,3957,-1
3962,3961,3958,-1
3963,3962,3959,-1
3964,3963,3960,-1
3965,3964,3961,-1
3966,3965,3962,-1
3967,3966,3963,-1
3968,3967,3964,-1
3969,3968,3965,-1
3970,3969,3966,-1
3971,3970,3967,-1
3972,3971,3968,-1
3973,3972,3969,-1
3974,3973,3970,-1
3975,3974,3971,-1
3976,3975,3972,-1
3977,3976,3973,-1
3978,3977,3974,-1
3979,3978,3975,-1
3980,3979,3976,-1
3981,3980,3977,-1
3982,3981,3978,-1
3983,3982,3979,-1
3984,3983,3980,-1
3985,3984,3981,-1
3986,3985,3982,-1
3987,3986,3983,-1
3988,3987,3984,-1
3989,3988,3985,-1
3990,3989,3986,-1
3991,3990,3987,-1
3992,3991,3988,-1
3993,3992,3989,-1
3994,3993,3990,-1
3995,3994,3991,-1
3996,3995,3992,-1
3997,3996,3993,-1
3998,3997,3994,-1
3999,3998,3995,-1
4000,3999,3996,-1
4001,4000,3997,-1
4002,4001,3998,-1
4003,4002,3999,-1
4004,4003,4000,-1
4005,4004,4001,-1
4006,4005,4002,-1
4007,4006,4003,-1
4008,4007,4004,-1
4009,4008,4005,-1
4010,4009,4006,-1
4011,4010,4007,-1
4012,4011,4008,-1
4013,4012,4009,-1
4014,4013,4010,-1
4015,4014,4011,-1
4016,4015,4012,-1
4017,4016,4013,-1
4018,4017,4014,-1
4019,4018,4015,-1
4020,4019,4016,-1
4021,4020,4017,-1
4022,4021,4018,-1
4023,4022,4019,-1
4024,4023,4020,-1
4025,4024,4021,-1
4026,4025,4022,-1
4027,4026,4023,-1
4028,4027,4024,-1
4029,4028,4025,-1
4030,4029,4026,-1
4031,4030,4027,-1
4032,4031,4028,-1
4033,4032,4029,-1
4034,4033,4030,-1
4035,4034,4031,-1
4036,4035,4032,-1
4037,4036,4033,-1
4038,4037,4034,-1
4039,4038,4035,-1
4040,4039,4036,-1
4041,4040,4037,-1
4042,4041,4038,-1
4043,4042,4039,-1
4044,4043,4040,-1
4045,4044,4041,-1
4046,4045,4042,-1
4047,4046,4043,-1
4048,4047,4044,-1
4049,4048,4045,-1
4050,4049,4046,-1
4051,4050,4047,-1
4052,4051,4048,-1
4053,4052,4049,-1
4054,4053,4050,-1
4055,4054,4051,-1
4056,4055,4052,-1
4057,4056,4053,-1
4058,4057,4054,-1
4059,4058,4055,-1
4060,4059,4056,-1
4061,4060,4057,-1
4062,4061,4058,-1
4063,4062,4059,-1
4064,4063,4060,-1
4065,4064,4061,-1
4066,4065,4062,-1
4067,4066,4063,-1
4068,4067,4064,-1
4069,4068,4065,-1
4070,4069,4066,-1
4071,4070,4067,-1
4072,4071,4068,-1
4073,4072,4069,-1
4074,4073,4070,-1
4075,4074,4071,-1
4076,4075,4072,-1
4077,4076,4073,-1
4078,4077,4074,-1
4079,4078,4075,-1
4080,4079,4076,-1
4081,4080,4077,-1
4082,4081,4078,-1
4083,4082,4079,-1
4084,4083,4080,-1
4085,4084,4081,-1
4086,4085,4082,-1
4087,4086,4083,-1
4088,4087,4084,-1
4089,4088,4085,-1
4090,4089,4086,-1
4091,4090,4087,-1
4092,4091,4088,-1
4093,4092,4089,-1
4094,4093,4090,-1
4095,4094,4091,-1
4096,4095,4092,-1
4097,4096,4093,-1
4098,4097,4094,-1
4099,4098,4095,-1
4100,4099,4096,-1
4101,4100,4097,-1
4102,4101,4098,-1
4103,4102,4099,-1
4104,4103,4100,-1
4105,4104,4101,-1
4106,4105,4102,-1
4107,4106,4103,-1
4108,4107,4104,-1
4109,4108,4105,-1
4110,4109,4106,-1
4111,4110,4107,-1
4112,4111,4108,-1
4113,4112,4109,-1
4114,4113,4110,-1
4115,4114,4111,-1
4116,4115,4112,-1
4117,4116,4113,-1
4118,4117,4114,-1
4119,4118,4115,-1
4120,4119,4116,-1
4121,4120,4117,-1
4122,4121,4118,-1
4123,4122,4119,-1
4124,4123,4120,-1
4125,4124,4121,-1
4126,4125,4122,-1
4127,4126,4123,-1
4128,4127,4124,-1
4129,4128,4125,-1
4130,4129,4126,-1
4131,4130,4127,-1
4132,4131,4128,-1
4133,4132,4129,-1
4134,4133,4130,-1
4135,4134,4131,-1
4136,4135,4132,-1
4137,4136,4133,-1
4138,4137,4134,-1
4139,4138,4135,-1
4140,4139,4136,-1
4141,4140,4137,-1
4142,4141,4138,-1
4143,4142,4139,-1
4144,4143,4140,-1
4145,4144,4141,-1
4146,4145,4142,-1
4147,4146,4143,-1
4148,4147,4144,-1
4149,4148,4145,-1
4150,4149,4146,-1
4151,4150,4147,-1
4152,4151,4148,-1
4153,4152,4149,-1
4154,4153,4150,-1
4155,4154,4151,-1
4156,4155,4152,-1
4157,4156,4153,-1
4158,4157,4154,-1
4159,4158,4155,-1
4160,4159,4156,-1
4161,4160,4157,-1
4162,4161,4158,-1
4163,4162,4159,-1
4164,4163,4160,-1
4165,4164,4161,-1
4166,4165,4162,-1
4167,4166,4163,-1
4168,4167,4164,-1
4169,4168,4165,-1
4170,4169,4166,-1
4171,4170,4167,-1
4172,4171,4168,-1
4173,4172,4169,-1
4174,4173,4170,-1
4175,4174,4171,-1
4176,4175,4172,-1
4177,4176,4173,-1
4178,4177,4174,-1
4179,4178,4175,-1
4180,4179,4176,-1
4181,4180,4177,-1
4182,4181,4178,-1
4183,4182,4179,-1
4184,4183,4180,-1
4185,4184,4181,-1
4186,4185,4182,-1
4187,4186,4183,-1
4188,4187,4184,-1
4189,4188,4185,-1
4190,4189,4186,-1
4191,4190,4187,-1
4192,4191,4188,-1
4193,4192,4189,-1
4194,4193,4190,-1
4195,4194,4191,-1
4196,4195,4192,-1
4197,4196,4193,-1
4198,4197,4194,-1
4199,4198,4195,-1
4200,4199,4196,-1
4201,4200,4197,-1
4202,4201,4198,-1
4203,4202,4199,-1
4204,4203,4200,-1
4205,4204,4201,-1
4206,4205,4202,-1
4207,4206,4203,-1
4208,4207,4204,-1
4209,4208,4205,-1
4210,4209,4206,-1
4211,4210,4207,-1
4212,4211,4208,-1
4213,4212,4209,-1
4214,4213,4210,-1
4215,4214,4211,-1
4216,4215,4212,-1
4217,4216,4213,-1
4218,4217,4214,-1
4219,4218,4215,-1
4220,4219,4216,-1
4221,4220,4217,-1
4222,4221,4218,-1
4223,4222,4219,-1
4224,4223,4220,-1
4225,4224,4221,-1
4226,4225,4222,-1
4227,4226,4223,-1
4228,4227,4224,-1
4229,4228,4225,-1
4230,4229,4226,-1
4231,4230,4227,-1
4232,4231,4228,-1
4233,4232,4229,-1
4234,4233,4230,-1
4235,4234,4231,-1
4236,4235,4232,-1
4237,4236,4233,-1
4238,4237,4234,-1
4239,4238,4235,-1
4240,4239,4236,-1
4241,4240,4237,-1
4242,4241,4238,-1
4243,4242,4239,-1
4244,4243,4240,-1
4245,4244,4241,-1
4246,4245,4242,-1
4247,4246,4243,-1
4248,4247,4244,-1
4249,4248,4245,-1
4250,4249,4246,-1
4251,4250,4247,-1
4252,4251,4248,-1
4253,4252,4249,-1
4254,4253,4250,-1
4255,4254,4251,-1
4256,4255,4252,-1
4257,4256,4253,-1
4258,4257,4254,-1
4259,4258,4255,-1
4260,4259,4256,-1
4261,4260,4257,-1
4262,4261,4258,-1
4263,4262,4259,-1
4264,4263,4260,-1
4265,4264,4261,-1
4266,4265,4262,-1
4267,4266,4263,-1
4268,4267,4264,-1
4269,4268,4265,-1
4270,4269,4266,-1
4271,4270,4267,-1
4272,4271,4268,-1
4273,4272,4269,-1
4274,4273,4270,-1
4275,4274,4271,-1
4276,4275,4272,-1
4277,4276,4273,-1
4278,4277,4274,-1
4279,4278,4275,-1
4280,4279,4276,-1
4281,4280,4277,-1
4282,4281,4278,-1
4283,4282,4279,-1
4284,4283,4280,-1
4285,4284,4281,-1
4286,4285,4282,-1
4287,4286,4283,-1
4288,4287,4284,-1
4289,4288,4285,-1
4290,4289,4286,-1
4291,4290,4287,-1
4292,4291,4288,-1
4293,4292,4289,-1
4294,4293,4290,-1
4295,4294,4291,-1
4296,4295,4292,-1
4297,4296,4293,-1
4298,4297,4294,-1
4299,4298,4295,-1
4300,4299,4296,-1
4301,4300,4297,-1
4302,4301,4298,-1
4303,4302,4299,-1
4304,4303,4300,-1
4305,4304,4301,-1
4306,4305,4302,-1
4307,4306,4303,-1
4308,4307,4303,-1
4309,4308,4304,-1
4310,4309,4305,-1
4311,4310,4306,-1
4312,4311,4307,-1
4313,4312,4308,-1
4314,4313,4309,-1
4315,4314,4310,-1
4316,4315,4311,-1
4317,4316,4312,-1
4318,4317,4313,-1
4319,4318,4314,-1
4320,4319,4315,-1
4321,4320,4316,-1
4322,4321,4317,-1
4323,4322,4318,-1
4324,4323,4319,-1
4325,4324,4320,-1
4326,4325,4321,-1
4327,4326,4322,-1
4328,4327,4323,-1
4329,4328,4324,-1
4330,4329,4325,-1
4331,4330,4326,-1
4332,4331,4327,-1
4333,4332,4328,-1
4334,4333,4329,-1
4335,4334,4330,-1
4336,4335,4331,-1
4337,4336,4332,-1
4338,4337,4333,-1
4339,4338,4334,-1
4340,4339,4335,-1
4341,4340,4336,-1
4342,4341,4337,-1
4343,4342,4338,-1
4344,4343,4339,-1
4345,4344,4340,-1
4346,4345,4341,-1
4347,4346,4342,-1
4348,4347,4343,-1
4349,4348,4344,-1
4350,4349,4345,-1
4351,4350,4346,-1
4352,4351,4347,-1
4353,4352,4348,-1
4354,4353,4349,-1
4355,4354,4350,-1
4356,4355,4351,-1
4357,4356,4352,-1
4358,4357,4353,-1
4359,4358,4354,-1
4360,4359,4355,-1
4361,4360,4356,-1
4362,4361,4357,-1
4363,4362,4358,-1
4364,4363,4359,-1
4365,4364,4360,-1
4366,4365,4361,-1
4367,4366,4362,-1
4368,4367,4363,-1
4369,4368,4364,-1
4370,4369,4365,-1
4371,4370,4366,-1
4372,4371,4367,-1
4373,4372,4368,-1
4374,4373,4369,-1
4375,4374,4370,-1
4376,4375,4371,-1
4377,4376,4372,-1
4378,4377,4373,-1
4379,4378,4374,-1
4380,4379,4375,-1
4381,4380,4376,-1
4382,4381,4377,-1
4383,4382,4378,-1
4384,4383,4379,-1
4385,4384,4380,-1
4386,4385,4381,-1
4387,4386,4382,-1
4388,4387,4383,-1
4389,4388,4384,-1
4390,4389,4385,-1
4391,4390,4386,-1
4392,4391,4387,-1
4393,4392,4388,-1
4394,4393,4389,-1
4395,4394,4390,-1
4396,4395,4391,-1
4397,4396,4392,-1
4398,4397,4393,-1
4399,4398,4394,-1
4400,4399,4395,-1
4401,4400,4396,-1
4402,4401,4397,-1
4403,4402,4398,-1
4404,4403,4399,-1
4405,4404,4400,-1
4406,4405,4401,-1
4407,4406,4402,-1
4408,4407,4403,-1
4409,4408,4404,-1
4410,4409,4405,-1
4411,4410,4406,-1
4412,4411,4407,-1
4413,4412,4408,-1
4414,4413,4409,-1
4415,4414,4410,-1
4416,4415,4411,-1
4417,4416,4412,-1
4418,4417,4413,-1
4419,4418,4414,-1
4420,4419,4415,-1
4421,4420,4416,-1
4422,4421,4417,-1
4423,4422,4418,-1
4424,4423,4419,-1
4425,4424,4420,-1
4426,4425,4421,-1
4427,4426,4422,-1
4428,4427,4423,-1
4429,4428,4424,-1
4430,4429,4425,-1
4431,4430,4426,-1
4432,4431,4427,-1
4433,4432,4428,-1
4434,4433,4429,-1
4435,4434,4430,-1
4436,4435,4431,-1
4437,4436,4432,-1
4438,4437,4433,-1
4439,4438,4434,-1
4440,4439,4435,-1
4441,4440,4436,-1
4442,4441,4437,-1
4443,4442,4438,-1
4444,4443,4439,-1
4445,4444,4440,-1
4446,4445,4441,-1
4447,4446,4442,-1
4448,4447,4443,-1
4449,4448,4444,-1
4450,4449,4445,-1
4451,4450,4446,-1
4452,4451,4447,-1
4453,4452,4448,-1
4454,4453,4449,-1
4455,4454,4450,-1
4456,4455,4451,-1
4457,4456,4452,-1
4458,4457,4453,-1
4459,4458,4454,-1
4460,4459,4455,-1
4461,4460,4456,-1
4462,4461,4457,-1
4463,4462,4458,-1
4464,4463,4459,-1
4465,4464,4460,-1
4466,4465,4461,-1
4467,4466,4462,-1
4468,4467,4463,-1
4469,4468,4464,-1
4470,4469,4465,-1
4471,4470,4466,-1
4472,4471,4467,-1
4473,4472,4468,-1
4474,4473,4469,-1
4475,4474,4470,-1
4476,4475,4471,-1
4477,4476,4472,-1
4478,4477,4473,-1
4479,4478,4474,-1
4480,4479,4475,-1
4481,4480,4476,-1
4482,4481,4477,-1
4483,4482,4478,-1
4484,4483,4479,-1
4485,4484,4480,-1
4486,4485,4481,-1
4487,4486,4482,-1
4488,4487,4483,-1
4489,4488,4484,-1
4490,4489,4485,-1
4491,4490,4486,-1
4492,4491,4487,-1
4493,4492,4488,-1
4494,4493,4489,-1
4495,4494,4490,-1
4496,4495,4491,-1
4497,4496,4492,-1
4498,4497,4493,-1
4499,4498,4494,-1
4500,4499,4495,-1
4501,4500,4496,-1
4502,4501,4497,-1
4503,4502,4498,-1
4504,4503,4499,-1
4505,4504,4500,-1
4506,4505,4501,-1
4507,4506,4502,-1
4508,4507,4503,-1
4509,4508,4504,-1
4510,4509,4505,-1
4511,4510,4506,-1
4512,4511,4507,-1
4513,4512,4508,-1
4514,4513,4509,-1
4515,4514,4510,-1
4516,4515,4511,-1
4517,4516,4512,-1
4518,4517,4513,-1
4519,4518,4514,-1
4520,4519,4515,-1
4521,4520,4516,-1
4522,4521,4517,-1
4523,4522,4518,-1
4524,4523,4519,-1
4525,4524,4520,-1
4526,4525,4521,-1
4527,4526,4522,-1
4528,4527,4523,-1
4529,4528,4524,-1
4530,4529,4525,-1
4531,4530,4526,-1
4532,4531,4527,-1
4533,4532,4528,-1
4534,4533,4529,-1
4535,4534,4530,-1
4536,4535,4531,-1
4537,4536,4532,-1
4538,4537,4533,-1
4539,4538,4534,-1
4540,4539,4535,-1
4541,4540,4536,-1
4542,4541,4537,-1
4543,4542,4538,-1
4544,4543,4539,-1
4545,4544,4540,-1
4546,4545,4541,-1
4547,4546,4542,-1
4548,4547,4543,-1
4549,4548,4544,-1
4550,4549,4545,-1
4551,4550,4546,-1
4552,4551,4547,-1
4553,4552,4548,-1
4554,4553,4549,-1
4555,4554,4550,-1
4556,4555,4551,-1
4557,4556,4552,-1
4558,4557,4553,-1
4559,4558,4554,-1
4560,4559,4555,-1
4561,4560,4556,-1
4562,4561,4557,-1
4563,4562,4558,-1
4564,4563,4559,-1
4565,4564,4560,-1
4566,4565,4561,-1
4567,4566,4562,-1
4568,4567,4563,-1
4569,4568,4564,-1
4570,4569,4565,-1
4571,4570,4566,-1
4572,4571,4567,-1
4573,4572,4568,-1
4574,4573,4569,-1
4575,4574,4570,-1
4576,4575,4571,-1
4577,4576,4572,-1
4578,4577,4573,-1
4579,4578,4574,-1
4580,4579,4575,-1
4581,4580,4576,-1
4582,4581,4577,-1
4583,4582,4578,-1
4584,4583,4579,-1
4585,4584,4580,-1
4586,4585,4581,-1
4587,4586,4582,-1
4588,4587,4583,-1
4589,4588,4584,-1
4590,4589,4585,-1
4591,4590,4586,-1
4592,4591,4587,-1
4593,4592,4588,-1
4594,4593,4589,-1
4595,4594,4590,-1
4596,4595,4591,-1
4597,4596,4592,-1
4598,4597,4593,-1
4599,4598,4594,-1
4600,4599,4595,-1
4601,4600,4596,-1
4602,4601,4597,-1
4603,4602,4598,-1
4604,4603,4599,-1
4605,4604,4600,-1
4606,4605,4601,-1
4607,4606,4602,-1
4608,4607,4603,-1
4609,4608,4604,-1
4610,4609,4605,-1
4611,4610,4606,-1
4612,4611,4607,-1
4613,4612,4608,-1
4614,4613,4609,-1
4615,4614,4610,-1
4616,4615,4611,-1
4617,4616,4612,-1
4618,4617,4613,-1
4619,4618,4614,-1
4620,4619,4615,-1
4621,4620,4616,-1
4622,4621,4617,-1
4623,4622,4618,-1
4624,4623,4619,-1
4625,4624,4620,-1
4626,4625,4621,-1
4627,4626,4622,-1
4628,4627,4623,-1
4629,4628,4624,-1
4630,4629,4625,-1
4631,4630,4626,-1
4632,4631,4627,-1
4633,4632,4628,-1
4634,4633,4629,-1
4635,4634,4630,-1
4636,4635,4631,-1
4637,4636,4632,-1
4638,4637,4633,-1
4639,4638,4634,-1
4640,4639,4635,-1
4641,4640,4636,-1
4642,4641,4637,-1
4643,4642,4638,-1
4644,4643,4639,-1
4645,4644,4640,-1
4646,4645,4641,-1
4647,4646,4642,-1
4648,4647,4643,-1
4649,4648,4644,-1
4650,4649,4645,-1
4651,4650,4646,-1
4652,4651,4647,-1
4653,4652,4648,-1
4654,4653,4649,-1
4655,4654,4650,-1
4656,4655,4651,-1
4657,4656,4652,-1
4658,4657,4653,-1
4659,4658,4654,-1
4660,4659,4655,-1
4661,4660,4656,-1
4662,4661,4657,-1
4663,4662,4658,-1
4664,4663,4659,-1
4665,4664,4660,-1
4666,4665,4661,-1
4667,4666,4662,-1
4668,4667,4663,-1
4669,4668,4664,-1
4670,4669,4665,-1
4671,4670,4666,-1
4672,4671,4667,-1
4673,4672,4668,-1
4674,4673,4669,-1
4675,4674,4670,-1
4676,4675,4671,-1
4677,4676,4672,-1
4678,4677,4673,-1
4679,4678,4674,-1
4680,4679,4675,-1
4681,4680,4676,-1
4682,4681,4677,-1
4683,4682,4678,-1
4684,4683,4679,-1
4685,4684,4680,-1
4686,4685,4681,-1
4687,4686,4682,-1
4688,4687,4683,-1
4689,4688,4684,-1
4690,4689,4685,-1
4691,4690,4686,-1
4692,4691,4687,-1
4693,4692,4688,-1
4694,4693,4689,-1
4695,4694,4690,-1
4696,4695,4691,-1
4697,4696,4692,-1
4698,4697,4693,-1
4699,4698,4694,-1
4700,4699,4695,-1
4701,4700,4696,-1
4702,4701,4697,-1
4703,4702,4698,-1
4704,4703,4699,-1
4705,4704,4700,-1
4706,4705,4701,-1
4707,4706,4702,-1
4708,4707,4703,-1
4709,4708,4704,-1
4710,4709,4705,-1
4711,4710,4706,-1
4712,4711,4707,-1
4713,4712,4708,-1
4714,4713,4709,-1
4715,4714,4710,-1
4716,4715,4711,-1
4717,4716,4712,-1
4718,4717,4713,-1
4719,4718,4714,-1
4720,4719,4715,-1
4721,4720,4716,-1
4722,4721,4717,-1
4723,4722,4718,-1
4724,4723,4719,-1
4725,4724,4720,-1
4726,4725,4721,-1
4727,4726,4722,-1
4728,4727,4723,-1
4729,4728,4724,-1
4730,4729,4725,-1
4731,4730,4726,-1
4732,4731,4727,-1
4733,4732,4728,-1
4734,4733,4729,-1
4735,4734,4730,-1
4736,4735,4731,-1
4737,4736,4732,-1
4738,4737,4733,-1
4739,4738,4734,-1
4740,4739,4735,-1
4741,4740,4736,-1
4742,4741,4737,-1
4743,4742,4738,-1
4744,4743,4739,-1
4745,4744,4740,-1
4746,4745,4741,-1
4747,4746,4742,-1
4748,4747,4743,-1
4749,4748,4744,-1
4750,4749,4745,-1
4751,4750,4746,-1
4752,4751,4747,-1
4753,4752,4748,-1
4754,4753,4749,-1
4755,4754,4750,-1
4756,4755,4751,-1
4757,4756,4752,-1
4758,4757,4753,-1
4759,4758,4754,-1
4760,4759,4755,-1
4761,4760,4756,-1
4762,4761,4757,-1
4763,4762,4758,-1
4764,4763,4759,-1
4765,4764,4760,-1
4766,4765,4761,-1
4767,4766,4762,-1
4768,4767,4763,-1
4769,4768,4764,-1
4770,4769,4765,-1
4771,4770,4766,-1
4772,4771,4767,-1
4773,4772,4768,-1
4774,4773,4769,-1
4775,4774,4770,-1
4776,4775,4771,-1
4777,4776,4772,-1
4778,4777,4773,-1
4779,4778,4774,-1
4780,4779,4775,-1
4781,4780,4776,-1
4782,4781,4777,-1
4783,4782,4778,-1
4784,4783,4779,-1
4785,4784,4780,-1
4786,4785,4781,-1
4787,4786,4782,-1
4788,4787,4783,-1
4789,4788,4784,-1
4790,4789,4785,-1
4791,4790,4786,-1
4792,4791,4787,-1
4793,4792,4788,-1
4794,4793,4789,-1
4795,4794,4790,-1
4796,4795,4791,-1
4797,4796,4792,-1
4798,4797,4793,-1
4799,4798,4794,-1
4800,4799,4795,-1
4801,4800,4796,-1
4802,4801,4797,-1
4803,4802,4798,-1
4804,4803,4799,-1
4805,4804,4800,-1
4806,4805,4801,-1
4807,4806,4802,-1
4808,4807,4803,-1
4809,4808,4804,-1
4810,4809,4805,-1
4811,4810,4806,-1
4812,4811,4807,-1
4813,4812,4808,-1
4814,4813,4809,-1
4815,4814,4810,-1
4816,4815,4811,-1
4817,4816,4812,-1
4818,4817,4813,-1
4819,4818,4814,-1
4820,4819,4815,-1
4821,4820,4816,-1
4822,4821,4817,-1
4823,4822,4818,-1
4824,4823,4819,-1
4825,4824,4820,-1
4826,4825,4821,-1
4827,4826,4822,-1
4828,4827,4823,-1
4829,4828,4824,-1
4830,4829,4825,-1
4831,4830,4826,-1
4832,4831,4827,-1
4833,4832,4828,-1
4834,4833,4829,-1
4835,4834,4830,-1
4836,4835,4831,-1
4837,4836,4832,-1
4838,4837,4833,-1
4839,4838,4834,-1
4840,4839,4835,-1
4841,4840,4836,-1
4842,4841,4837,-1
4843,4842,4838,-1
4844,4843,4839,-1
4845,4844,4840,-1
4846,4845,4841,-1
4847,4846,4842,-1
4848,4847,4843,-1
4849,4848,4844,-1
4850,4849,4845,-1
4851,4850,4846,-1
4852,4851,4847,-1
4853,4852,4848,-1
4854,4853,4849,-1
4855,4854,4850,-1
4856,4855,4851,-1
4857,4856,4852,-1
4858,4857,4853,-1
4859,4858,4854,-1
4860,4859,4855,-1
4861,4860,4856,-1
4862,4861,4857,-1
4863,4862,4858,-1
4864,4863,4859,-1
4865,4864,4860,-1
4866,4865,4861,-1
4867,4866,4862,-1
4868,4867,4863,-1
4869,4868,4864,-1
4870,4869,4865,-1
4871,4870,4866,-1
4872,4871,4867,-1
4873,4872,4868,-1
4874,4873,4869,-1
4875,4874,4870,-1
4876,4875,4871,-1
4877,4876,4872,-1
4878,4877,4873,-1
4879,4878,4874,-1
4880,4879,4875,-1
4881,4880,4876,-1
4882,4881,4877,-1
4883,4882,4878,-1
4884,4883,4879,-1
4885,4884,4880,-1
4886,4885,4881,-1
4887,4886,4882,-1
4888,4887,4883,-1
4889,4888,4884,-1
4890,4889,4885,-1
4891,4890,4886,-1
4892,4891,4887,-1
4893,4892,4888,-1
4894,4893,4889,-1
4895,4894,4890,-1
4896,4895,4891,-1
4897,4896,4892,-1
4898,4897,4893,-1
4899,4898,4894,-1
4900,4899,4895,-1
4901,4900,4896,-1
4902,4901,4897,-1
4903,4902,4898,-1
4904,4903,4899,-1
4905,4904,4900,-1
4906,4905,4901,-1
4907,4906,4902,-1
4908,4907,4903,-1
4909,4908,4904,-1
4910,4909,4905,-1
4911,4910,4906,-1
4912,4911,4907,-1
4913,4912,4908,-1
4914,4913,4909,-1
4915,4914,4910,-1
4916,4915,4911,-1
4917,4916,4912,-1
4918,4917,4913,-1
4919,4918,4914,-1
4920,4919,4915,-1
4921,4920,4916,-1
4922,4921,4917,-1
4923,4922,4918,-1
4924,4923,4919,-1
4925,4924,4920,-1
4926,4925,4921,-1
4927,4926,4922,-1
4928,4927,4923,-1
4929,4928,4924,-1
4930,4929,4925,-1
4931,4930,4926,-1
4932,4931,4927,-1
4933,4932,4928,-1
4934,4933,4929,-1
4935,4934,4930,-1
4936,4935,4931,-1
4937,4936,4932,-1
4938,4937,4933,-1
4939,4938,4934,-1
4940,4939,4935,-1
4941,4940,4936,-1
4942,4941,4937,-1
4943,4942,4938,-1
4944,4943,4939,-1
4945,4944,4940,-1
4946,4945,4941,-1
4947,4946,4942,-1
4948,4947,4943,-1
4949,4948,4944,-1
4950,4949,4945,-1
4951,4950,4946,-1
4952,4951,4947,-1
4953,4952,4948,-1
4954,4953,4949,-1
4955,4954,4950,-1
4956,4955,4951,-1
4957,4956,4952,-1
4958,4957,4953,-1
4959,4958,4954,-1
4960,4959,4955,-1
4961,4960,4956,-1
4962,4961,4957,-1
4963,4962,4958,-1
4964,4963,4959,-1
4965,4964,4960,-1
4966,4965,4961,-1
4967,4966,4962,-1
4968,4967,4963,-1
4969,4968,4964,-1
4970,4969,4965,-1
4971,4970,4966,-1
4972,4971,4967,-1
4973,4972,4968,-1
4974,4973,4969,-1
4975,4974,4970,-1
4976,4975,4971,-1
4977,4976,4972,-1
4978,4977,4973,-1
4979,4978,4974,-1
4980,4979,4975,-1
4981,4980,4976,-1
4982,4981,4977,-1
4983,4982,4978,-1
4984,4983,4979,-1
4985,4984,4980,-1
4986,4985,4981,-1
4987,4986,4982,-1
4988,4987,4983,-1
4989,4988,4984,-1
4990,4989,4985,-1
4991,4990,4986,-1
4992,4991,4987,-1
4993,4992,4988,-1
4994,4993,4989,-1
4995,4994,4990,-1
4996,4995,4991,-1
4997,4996,4992,-1
4998,4997,4993,-1
4999,4998,4994,-1
5000,4999,4995,-1
5001,5000,4996,-1
5002,5001,4997,-1
5003,5002,4998,-1
5004,5003,4999,-1
5005,5004,5000,-1
5006,5005,5001,-1
5007,5006,5002,-1
5008,5007,5003,-1
5009,5008,5004,-1
5010,5009,5005,-1
5011,5010,5006,-1
5012,5011,5007,-1
5013,5012,5008,-1
5014,5013,5009,-1
5015,5014,5010,-1
5016,5015,5011,-1
5017,5016,5012,-1
5018,5017,5013,-1
5019,5018,5014,-1
5020,5019,5015,-1
5021,5020,5016,-1
5022,5021,5017,-1
5023,5022,5018,-1
5024,5023,5019,-1
5025,5024,5020,-1
5026,5025,5021,-1
5027,5026,5022,-1
5028,5027,5023,-1
5029,5028,5024,-1
5030,5029,5025,-1
5031,5030,5026,-1
5032,5031,5027,-1
5033,5032,5028,-1
5034,5033,5029,-1
5035,5034,5030,-1
5036,5035,5031,-1
5037,5036,5032,-1
5038,5037,5033,-1
5039,5038,5034,-1
5040,5039,5035,-1
5041,5040,5036,-1
5042,5041,5037,-1
5043,5042,5038,-1
5044,5043,5039,-1
5045,5044,5040,-1
5046,5045,5041,-1
5047,5046,5042,-1
5048,5047,5043,-1
5049,5048,5044,-1
5050,5049,5045,-1
5051,5050,5046,-1
5052,5051,5047,-1
5053,5052,5048,-1
5054,5053,5049,-1
5055,5054,5050,-1
5056,5055,5051,-1
5057,5056,5052,-1
5058,5057,5053,-1
5059,5058,5054,-1
5060,5059,5055,-1
5061,5060,5056,-1
5062,5061,5057,-1
5063,5062,5058,-1
5064,5063,5059,-1
5065,5064,5060,-1
5066,5065,5061,-1
5067,5066,5062,-1
5068,5067,5063,-1
5069,5068,5064,-1
5070,5069,5065,-1
5071,5070,5066,-1
5072,5071,5067,-1
5073,5072,5068,-1
5074,5073,5069,-1
5075,5074,5070,-1
5076,5075,5071,-1
5077,5076,5072,-1
5078,5077,5073,-1
5079,5078,5074,-1
5080,5079,5075,-1
5081,5080,5076,-1
5082,5081,5077,-1
5083,5082,5078,-1
5084,5083,5079,-1
5085,5084,5080,-1
5086,5085,5081,-1
5087,5086,5082,-1
5088,5087,5083,-1
5089,5088,5084,-1
5090,5089,5085,-1
5091,5090,5086,-1
5092,5091,5087,-1
5093,5092,5088,-1
5094,5093,5089,-1
5095,5094,5090,-1
5096,5095,5091,-1
5097,5096,5092,-1
5098,5097,5093,-1
5099,5098,5094,-1
5100,5099,5095,-1
5101,5100,5096,-1
5102,5101,5097,-1
5103,5102,5098,-1
5104,5103,5099,-1
5105,5104,5100,-1
5106,5105,5101,-1
5107,5106,5102,-1
5108,5107,5103,-1
5109,5108,5104,-1
5110,5109,5105,-1
5111,5110,5106,-1
5112,5111,5107,-1
5113,5112,5108,-1
5114,5113,5109,-1
5115,5114,5110,-1
5116,5115,5111,-1
5117,5116,5112,-1
5118,5117,5113,-1
5119,5118,5114,-1
5120,5119,5115,-1
5121,5120,5116,-1
5122,5121,5117,-1
5123,5122,5118,-1
5124,5123,5119,-1
5125,5124,5120,-1
5126,5125,5121,-1
5127,5126,5122,-1
5128,5127,5123,-1
5129,5128,5124,-1
5130,5129,5125,-1
5131,5130,5126,-1
5132,5131,5127,-1
5133,5132,5128,-1
5134,5133,5129,-1
5135,5134,5130,-1
5136,5135,5131,-1
5137,5136,5132,-1
5138,5137,5133,-1
5139,5138,5134,-1
5140,5139,5135,-1
5141,5140,5136,-1
5142,5141,5137,-1
5143,5142,5138,-1
5144,5143,5139,-1
5145,5144,5140,-1
5146,5145,5141,-1
5147,5146,5142,-1
5148,5147,5143,-1
5149,5148,5144,-1
5150,5149,5145,-1
5151,5150,5146,-1
5152,5151,5147,-1
5153,5152,5148,-1
5154,5153,5149,-1
5155,5154,5150,-1
5156,5155,5151,-1
5157,5156,5152,-1
5158,5157,5153,-1
5159,5158,5154,-1
5160,5159,5155,-1
5161,5160,5156,-1
5162,5161,5157,-1
5163,5162,5158,-1
5164,5163,5159,-1
5165,5164,5160,-1
5166,5165,5161,-1
5167,5166,5162,-1
5168,5167,5163,-1
5169,5168,5164,-1
5170,5169,5165,-1
5171,5170,5166,-1
5172,5171,5167,-1
5173,5172,5168,-1
5174,5173,5169,-1
5175,5174,5170,-1
5176,5175,5171,-1
5177,5176,5172,-1
5178,5177,5173,-1
5179,5178,5174,-1
5180,5179,5175,-1
5181,5180,5176,-1
5182,5181,5177,-1
5183,5182,5178,-1
5184,5183,5179,-1
5185,5184,5180,-1
5186,5185,5181,-1
5187,5186,5182,-1
5188,5187,5183,-1
5189,5188,5184,-1
5190,5189,5185,-1
5191,5190,5186,-1
5192,5191,5187,-1
5193,5192,5188,-1
5194,5193,5189,-1
5195,5194,5190,-1
5196,5195,5191,-1
5197,5196,5192,-1
5198,5197,5193,-1
5199,5198,5194,-1
5200,5199,5195,-1
5201,5200,5196,-1
5202,5201,5197,-1
5203,5202,5198,-1
5204,5203,5199,-1
5205,5204,5200,-1
5206,5205,5201,-1
5207,5206,5202,-1
5208,5207,5203,-1
5209,5208,5204,-1
5210,5209,5205,-1
5211,5210,5206,-1
5212,5211,5207,-1
5213,5212,5208,-1
5214,5213,5209,-1
5215,5214,5210,-1
5216,5215,5211,-1
5217,5216,5212,-1
5218,5217,5213,-1
5219,5218,5214,-1
5220,5219,5215,-1
5221,5220,5216,-1
5222,5221,5217,-1
5223,5222,5218,-1
5224,5223,5219,-1
5225,5224,5220,-1
5226,5225,5221,-1
5227,5226,5222,-1
5228,5227,5223,-1
5229,5228,5224,-1
5230,5229,5225,-1
5231,5230,5226,-1
5232,5231,5227,-1
5233,5232,5228,-1
5234,5233,5229,-1
5235,5234,5230,-1
5236,5235,5231,-1
5237,5236,5232,-1
5238,5237,5233,-1
5239,5238,5234,-1
5240,5239,5235,-1
5241,5240,5236,-1
5242,5241,5237,-1
5243,5242,5238,-1
5244,5243,5239,-1
5245,5244,5240,-1
5246,5245,5241,-1
5247,5246,5242,-1
5248,5247,5243,-1
5249,5248,5244,-1
5250,5249,5245,-1
5251,5250,5246,-1
5252,5251,5247,-1
5253,5252,5248,-1
5254,5253,5249,-1
5255,5254,5250,-1
5256,5255,5251,-1
5257,5256,5252,-1
5258,5257,5253,-1
5259,5258,5254,-1
5260,5259,5255,-1
5261,5260,5256,-1
5262,5261,5257,-1
5263,5262,5258,-1
5264,5263,5259,-1
5265,5264,5260,-1
5266,5265,5261,-1
5267,5266,5262,-1
5268,5267,5263,-1
5269,5268,5264,-1
5270,5269,5265,-1
5271,5270,5266,-1
5272,5271,5267,-1
5273,5272,5268,-1
5274,5273,5269,-1
5275,5274,5270,-1
5276,5275,5271,-1
5277,5276,5272,-1
5278,5277,5273,-1
5279,5278,5274,-1
5280,5279,5275,-1
5281,5280,5276,-1
5282,5281,5277,-1
5283,5282,5278,-1
5284,5283,5279,-1
5285,5284,5280,-1
5286,5285,5281,-1
5287,5286,5282,-1
5288,5287,5283,-1
5289,5288,5284,-1
5290,5289,5285,-1
5291,5290,5286,-1
5292,5291,5287,-1
5293,5292,5288,-1
5294,5293,5289,-1
5295,5294,5290,-1
5296,5295,5291,-1
5297,5296,5292,-1
5298,5297,5293,-1
5299,5298,5294,-1
5300,5299,5295,-1
5301,5300,5296,-1
5302,5301,5297,-1
5303,5302,5298,-1
5304,5303,5299,-1
5305,5304,5300,-1
5306,5305,5301,-1
5307,5306,5302,-1
5308,5307,5303,-1
5309,5308,5304,-1
5310,5309,5305,-1
5311,5310,5306,-1
5312,5311,5307,-1
5313,5312,5308,-1
5314,5313,5309,-1
5315,5314,5310,-1
5316,5315,5311,-1
5317,5316,5312,-1
5318,5317,5313,-1
5319,5318,5314,-1
5320,5319,5315,-1
5321,5320,5316,-1
5322,5321,5317,-1
5323,5322,5318,-1
5324,5323,5319,-1
5325,5324,5320,-1
5326,5325,5321,-1
5327,5326,5322,-1
5328,5327,5323,-1
5329,5328,5324,-1
5330,5329,5325,-1
5331,5330,5326,-1
5332,5331,5327,-1
5333,5332,5328,-1
5334,5333,5329,-1
5335,5334,5330,-1
5336,5335,5331,-1
5337,5336,5332,-1
5338,5337,5333,-1
5339,5338,5334,-1
5340,5339,5335,-1
5341,5340,5336,-1
5342,5341,5337,-1
5343,5342,5338,-1
5344,5343,5339,-1
5345,5344,5340,-1
5346,5345,5341,-1
5347,5346,5342,-1
5348,5347,5343,-1
5349,5348,5344,-1
5350,5349,5345,-1
5351,5350,5346,-1
5352,5351,5347,-1
5353,5352,5348,-1
5354,5353,5349,-1
5355,5354,5350,-1
5356,5355,5351,-1
5357,5356,5352,-1
5358,5357,5353,-1
5359,5358,5354,-1
5360,5359,5355,-1
5361,5360,5356,-1
5362,5361,5357,-1
5363,5362,5358,-1
5364,5363,5359,-1
5365,5364,5360,-1
5366,5365,5361,-1
5367,5366,5362,-1
5368,5367,5363,-1
5369,5368,5364,-1
5370,5369,5365,-1
5371,5370,5366,-1
5372,5371,5367,-1
5373,5372,5368,-1
5374,5373,5369,-1
5375,5374,5370,-1
5376,5375,5371,-1
5377,5376,5372,-1
5378,5377,5373,-1
5379,5378,5374,-1
5380,5379,5375,-1
5381,5380,5376,-1
5382,5381,5377,-1
5383,5382,5378,-1
5384,5383,5379,-1
5385,5384,5380,-1
5386,5385,5381,-1
5387,5386,5382,-1
5388,5387,5383,-1
5389,5388,5384,-1
5390,5389,5385,-1
5391,5390,5386,-1
5392,5391,5387,-1
5393,5392,5388,-1
5394,5393,5389,-1
5395,5394,5390,-1
5396,5395,5391,-1